010000000022000000202202200000022000002220222222202222222220222222222222222220022222002220002222202220002220122222222120222221222222202002002220020220221222222020022222222222222222020222202022020222222202222222202222200002011022202000000202222222222002101200210000201120

000000010022000000202202200000022000002220222222202222222220222222222222222220022222002220002222202220002220122222222020222220222222202002002220020220220222222020022222222222222222020222202022020222222202212222202222200002011011102000000202222222222002101101011000001110

010000000022000000202202201000122100002220222222202222222220222222222222222220022222002220002222202220002220122222222120222221222222212102002222020220222222222020022222222222222222020222202022020222222202222222202222200002011022202000000202222222222102101101111000201110

000000010022000000202202201000222200022220222222202222222220222222222222222220022222002220002222202221002220122222222020222220222222212202002220020220221222222020022222222222222222020222202022020222222202212222202222200002021022202000000202222222222102101101111000101200

101111101122000000201202200000022000002220222222202222222220222222222222222220022222002220002222202220002220121222222020222220222222212112002220020220221222222020022222222222222222020222202022020222222202212222202222200002011022202000000202222222222102101101011000001110

111111101111110110101102200000012000002220222222202222222220222222222222222220022222002220002222202220002221121222222120222221222222212112102221020220220222222020022222222222222222020222202022020222222202212222202222200002011011102000000202222222222102101101111000201210

010000000022000000201200200020120000012220222222202222222220222222222222222220022222002220002222202220002220122222222020222221222222212202002221020220220222222020022222222222222222020222202022020222222202222222202222200002011022202000010202222222222202101101111000111110

010000000022000000202202201000222200022220222222202222222220222222222222222220022222002220002222202221002220122222222120222220222222212102002220020220221222222020022222222222222222021222202022020222222202222222202222200002011022202000000202222222222011101001121000101100

101111101111110110111111100100012010001010111112102111222220221222222222222120022111001210101211101210002211111111111010221120111121101001001110110110221222222020122222222222222222020222202022120222222202212222202222200111011011101010000111211111111011101101111000001110

000000010022000000202202201000222200022220222222202222222220222222222222222220122222002220002222202220002220122222222120222221222222212202002220020220220222222020022222222222222222020222212022020222222202212222202222200002011022202000000202222222222202101101111000201110

101111101122000000202202201000122100012220222222202222222220222222222222222220022222002220002222202220002220122222222020222220222222212102002220020220220222222010011111111111111111010111101011010111111201101112101111200002011011102000000202222222222111100001021000101200

101111101122000000202202200000022100012220222222202222222220222222222222222220022222002220002222202221002220122222222020222220222222202002002220020220221222222010011111111111111110001000101100000110100200111110100011000111121011102000000202222222222002101101111000001100

000000010022000000201202201000122100012220222222202222222220222222222222222220022222002220002222202220002220122222222020222220222222202002002120020220220222222020022222222222222222020222202022020222222202202222202222200002011011102000000202222222222002202201001000101020

000000010022000000202202200000022000002220222222202222222220222222222222222220022222002220002222202220002220122222222020222220222222202002002220020220221222222020022222222222222222020222202022020222222202202222202222200002021011102000000202222222222011100001021000001200

010000000022000000201202201010122100012220222222202222222220222222222222222220022222002220002222202220002220122222222120222221222222212102002120020220220222222020022222222222222222020222202022020222222202212222202222200002021011102000000202222222222102101101111000101010

101111000022000000202202200000022000002220222222202222222220222222222222222220022222002220002222202220002220122222222020222220222222212102002220020220220222222020022222222222222222020222202022020222222202222222202222200002021022202000000202222222222102101101111000101110

000000010022000000202202201000122100012220222222202222222220222222222222222220022222002220002222202220002220121222222020222220222222202002002220020220220222222020022222222222222222020222202022020222222202202222202222200002021011102000000202222222222011100001022001001200

101111100022110000201202200000022000002220222222202222222220222222222222222220022222002220002222202220002220122222222020222220222222212112002220020220220222222020022222222222222222020222202022020222222202212222202222200002021022202000010202222222222102101101011000101210

010000000022000000202202201000222200012220222222202222222220222222222222222220022222002220002222202220002220122222222020222220222222212102002220020220220222222020022222222222222222021222202022020222222202212222202222200002021022202000000202222222222111100001021000001200

101111101022000000202202201000122100012220222222202222222220222222222222222220022222002220002222202220002220122222222120222221222222212102102220020220221222222020022222222222222222020222202022020222222202222222202222200002011022202000000202222222222102101101111000101110

000000010022000000201202201000122100012220222222202222222220222222222222222220122222002220002222202221002220122222222020222221222222212102002120020220221222222020022222222222222222020222202022020222222202212222202222200002001022202000000202222222222111100001021000001100

101111100022000000202202200000022000002220222222202222222220222222222222222220022222002220002222202220002220122222222120222221222222202002002220020220220222222020022222222222222222020222202022020222222202222222202222200002001022202000000202222222222002101100211000101110

000000001111110110110111100100002000102220222221111122111110111111111111111111011111101111101111111110002211112111111011221120111121101001001210110110220222222020122222222222222222020222202022120222222102202222202222200111011011101010000111211111111111100001021000001200

000000100022000000202202200000022000002220222222202222222220222222222222222220022222002220002222202220002220122222222020222220222222202002002120020220221222222020022222222222222222020222202022020222222202222222202222200002011022202000000202222222222011100001021000001100

010000000022000000202202201000122100012220222222202222222220222222222222222220022222002220002222202220002220122222222020222221222222212102002220020220222222222020022222222222222222020222202022020222222202222222202222200002001022202000000202222222222102101100211000201110

010000000022000000201200200020220000022220222222202222222220222222222222222220022222002220002222202220002220122222222120222220222222212202002120020220221222222020022222222222222222021222202022020222222202212222202222200002011022202000010202222222222202102201101000101020

101111101111110110101102201000122100012220222222202222222220222222222222222220022222002220002222202220002220121222222020222220222222212202002220020220220222222020122222222222222222020222202022120222222102202222202222200002021011101010000111211010011201001101011000101210

000000200111110110101102200000012000002220222222202222222220222222222222222220022222002220002222202220002220121222222020222220222222202012002220020220220222222020022222222222222222020222202022020222222202222222202222200002001011102000000202222222222002202201101000101120

000000010022000000202202201000122100012220222222202222222220222222222222222220022222002220002222202220002220122222222020222221222222212102002220020220220222222020022222222222222222020222202022020222222202222222202222200002001022202000000202222222222202102201101000201120

000000100022000000202202201000122100002220222222202222222220222222222222222220022222002220002222202220002220122222222020222220222222212102102220020220221222222020022222222222222222020222202022020222222202212222202222200002011011102000000202222222222002102101011000001210

000000010022000000202202201000122100012220222222202222222220222222222222222220022222002220002222202220001120121222222020112211222212202002002220020220110111122020022222222222222212020222202022020222222202202222202222200002001000002000000202222222222002101101011000001000

111111001111110110101102201000122100012220222222202222222220222222222222222220122222002220002222202220002220122222222120222221222222212202102220020220221222222020022222222222222222020222202022020222222202212222202222200002021022202000000202222222222202101101111000101110

000000010022000000202202201000122100012220222222202222222220222222222222222220022222002220002222202220001120121222222020122211222212212102002220020220221222222010011111111111111111010111101011010111111201101112101111200002001022202000000202222222222111100001021000001100

020000010022000000202202200000022000002220222222202222222220222222222222222220022222002220002222202220002220122222222220222221222222202002002220020220222222222020022222222222222222020222202022020222222202222222202222200002011022202000000202222222222002102100211000201110

000000100021110010202102200000012000002220222222202222222220222222222222222220022222002220002222202220001120121222222020112210222212202002002220020221110111121010011111111111111111010111101111010111111201111112101111200002101000002000000202222222222002101101111000101110

111111101111110010202102101010112111111110111111111111111110111111111111111111011111101111101111111110011111111111111111111011100111001111001110110110111111121010011111111111111111010111101111010111111201111112101111200111001011102000000202222222222102101101111001101110

000000010022000000202202201000222200022220222222202222222220222222222222222220022222002220002222202220002220122222222020222220222222212202002020020221220222222020022222222222222222020222202022020222222202202222202222200002011011102001101202222222222011100001021000001000

000000010022000000202202201000122100012220222222202222222220222222222222222220022222002220002222202221002220121222222020222220222222212112002120020220221222222020022222222222222222020222202022020222222202222222202222200002011022202000010202222222222102102101111000201110

000000010022000000201202200000022000002220222222202222222220222222222222222220022222002220002222202220002220122222222020222220222222202002002120020220221222222020022222222222222222020222202022020222222202212222202222200111011011102000000202222222222002202201001000001020

000000010022000000202202201000222200022220222222202222222220222222222222222220022222002220002222202220002220122222222020222220222222202002002220020220220222222020022222222222222222020222202022020222222202222222202222200002001022202000000202222222222011101001121000101000

101111000022000000201202200000022000002220222222202222222220222222222222222220022222002220002222202220001121122222222020112210222212212102001210100220110111121010011111111111111111010111101111010111111201101112101111200111121011102000000202222222222102202201001000201020

200202101122000000201202200000022000002220222222202222222220222222222222222220022222002220002222202221002220122222222020222220222222212102002221020220220222222020022222222222222222020222202022020222222202202222202222200002021022202000000202222222222102101101011000101110

000000010022000000202202201000122100012220222222202222222220222222222222222220022222002220002222202220002220122222222020222220222222212102002220020220220222222020022222222222222222020222202022020222222202222222202222200002011022202000000202222222222102101101111000101110

101111101111110110111111100100012010112220222221111122111110111111111111111111011111101111101111111110002210111111111011221021100121001011002210000110220222222020022222222222222222020222202022020222222202202222202222200002111020202000000202222222222102102101111000111110

000000010022000000202202201000122100012220222222202222222220222222222222222220022222002220002222202220002220122222222020222220222222212102102220020220221222222020022222222222222222020222202022020222222202222222202222200002021011102000010202222222222102202200200000201120

000000010022000000202202200000022000002220222222202222222220222222222222222220022222002220002222202221002220122222222020222221222222212102002120020221221222222010011111111111111110001000101100000110100200121110100011000002101011102001101202222222222111100001121000101100

101111100122000000202202201000122100012220222222202222222220222222222222222220022222002220002222202220002220122222222020222220222222202002002120020220220222222010011111111111111111010111101111010111111201101112101111200002001011102000000202222222222002101101111000101110

000000010022000000201202201000122100012220222222202222222220222222222222222220022222002220002222202220002220122222222020222221222222212202002220020220220222222020022222222222222222021222202022020222222202202222202222200002021022202000000202222222222102102101111000101110

000000010022000000202202201000122100012220222222202222222220222222222222222220022222002220002222202220002220122222222020222220222222202002102220020220222222222020022222222222222222020222202022020222222202222222202222200002001022202000010202222222222102202200200000201020

000000010022000000202202201000122100012220222222202222222220222222222222222220022222002220002222202220002220122222222120222221222222212102002221020220221222222020022222222222222222020222202022020222222202222222202222200002011022202000000202222222222102102101111000201210

000000100022000000201202200000022101002220222222202222222220222222222222222220022222002220002222202220002220122222222020222220222222202002002220020220220222222020022222222222222222020222202022020222222202202222202222200002011022202000000202222222222011100001021000001200

010000000022000000202202200000022000002220222222202222222220222222222222222220022222002220002222202220002220122222222220222220222222202002002220020220220222222020022222222222222222020222202022020222222202222222202222200002001022202000000202222222222002202200201000101020

000000010022000000202202201000122100012220222222202222222220222222222222222220022222002220002222202220002220122222222020212220222222212102002220020220121222122010011111111111111111010111101111010111111201111112101111200111021011102000000202222222222011100001122001001100

101111101112110000200202200010022000002220222222202222222220222222222222222220022222002220002222202220002220122222222020222220222222202002002120020220220222222020022222222222222222020222202022020222222202212222202222200002011022202000000202222222222002101101011000001110

000000000021110010110111100100012000001010111111101111111110112111111111111210011222002120002222202220002221121222222020222220222222212102001210110110220222222020022222222222222222020222202022020222222202202222202222200002011011102000000202222222222102202201111001201120

101111201111000000201202100000022010101110111111111111111110111111111111111111011111101111101111111110001110111111111011111110111111101011001210110110110111121010111111111111111111010111101111110111111101111112101111200111021011101010000111211111111011100001021000001000

200202202201110010201102201010112100012220222222202222222220222222222222222220022222002220002222202220000101000020222020112210222212202012002110000110000000020000002022222022222222020222202022020222222202202222202222200002001011102001101202222222222202101101011000011110

000000101111110110111111100100012000101010111111111111111110111111111111111111011111101111101111111110001110111111111011111110111111101001002220020220111111121010011111111111111111010111101111010111111101111112101111200111021011102000000001211010011001000001121001101200

000000010022000000201202201010222200022220222222202222222220222222222222222220022222002220002222202220002220122222222020222221222222212202002220020220220222222020022222222222222222020222202022020222222202212222202222200002011022202000000202222222222202102201101000101020

000000100122000000201202201010122100012220222222202222222220222222222222222220022222002220002222202220002220121222222020222220222222212102002120020220220222222020022222222222222222020222202022020222222202212222202222200002021011102000000202222222222002202201101000201020

000000010022000000202202201000222200012220222222202222222220222222222222222220022222002220002222202220002220122222222120222220222222212102002220020220220222222020022222222222222222020222202022020222222202212222202222200002011022202000000202222222222102101101111000101100

101111101111000100201102201000212000022220222222202222222220222222222222222220022222002220002220002022000220002220222020222220222222212202002221020220221222222010011111111111111110001000101100000110100200111110100011000002021011102000000202222222222211100001021000001200

111111101111110110111111100100012000001010111111101111111110111111111111111110011111001110101211101210001110111111111110111110111111101011002221020220111111121010011111111111111111010111101111010111111201111112101111200111101011102000000202222222222011101001121000101010

000000010022000000202202201000122100012220222222202222222220222222222222222220022222002220002222202220002220122222222020222220222222212102002120020220220222222020022222222222222222020222202022020222222202212222202222200002011022202000010202222222222102101101111000101110

101111201111110110101102200000012000002220222222202222222220222222222222222220022222002220002222202220002221122222222020222220222222202002001210110110220222222020022222222222222222020222202022020222222202202222202222200002021011102000000202222222222002101101011000101210

101111101111110110101102201000112100012220222222202222222220222222222222222220022222002220002222202220002220121222222020222220222222202002002120020220111111121010011111111111111111010111101111010111111201101112101111200002111000002000000202222222222011100001021000001200

000000000022110010201102200000022000002220222222202222222220222222222222222220022222002220002222202220002220121222222020222220222222202012002220020220220222222020022222222222222222020222202022020222222202202222202222200002001022202000000202222222222102101101111000101110

101111101122000000201202201000122100002220222222202222222220222222222222222220022222002220002222202220002220122222222020222220222222202002102220020220201001220000001011111011111111010111101111010111111201111112101111200002021011102000000202222222222002101101111000101110

000000010022000000201202200010022000002220222222202222222220222222222222222220122222002220002222202220002220122222222120222221222222202002002220020220221222222020022222222222222222020222212022020222222202212222202222200002001022202000000202222222222102202201111000211020

101111101022000000201202201000122101012220222222202222222220222222222222222220022222002220002222202220002220122222222120222220222222212112002220020220220222222020022222222222222222020222202022020222222202212222202222200002021022202000000202222222222102202201101000101120

000000010022000000202202200000022000002220222222202222222220222222222222222220022222002220002222202220001120122222222020112210222212202002002220020220110111121010011111111111111111010111101111010111111201121112101111200002121000001001101202222222222002101101111000101110

000000010022000000201202200000022000002220222222202222222220222222222222222220022222002220002222202220002220122222222120222220222222202002002120020220220222222020022222222222222222020222202022020222222202212222202222200002011022202000000202222222222102101101011000001010

000000010022000000200202201010122100012220222222202222222220222222222222222220022222002220002222202220002220122222222020222220222222212202002220020220220222222020022222222222222222020222202022020222222202202222202222200002021022202000000202222222222202101101111000101110

010000000021110010201102201000112100012220222222202222222220222222222222222220022222002220002222202220002220121222222120222221222222212112002221020220221222222020022222222222222222020222202022020222222202212222202222200002021011102000000202222222222011100001121000101200

200202202200220020020020100100001010101110111111111111111110111111111111111111011111101111101111111110011111111111111011111110111111101011001210110110110111121010111111111111111111010111101111110111111101101112101111200111021011101010000111211111111011100001021000001200

101111101111110110111111100100011011101110111111111111111110111111111111111111011111101111101111111110011111111111111011111110111111101011001210110110111111000000201011111011111111010111101100200010100000111110100011000111121000100020010000000000000000001101111000101210

000000010022000000201202201000222200022220222222202222222220222222222222222220022222002220002222202220002220122222222020222220222222212202002120020220220222222020022222222222222222020222202022020222222202202222202222200002011022202000000202222222222202101101011000011110

101111101122000000202202201000122100012220222222202222222220222222222222222220122222002220002222202220002220122222222020222221222222212102002220020220220222222020022222222222222222020222212022020222222202222222202222200002001011102000000202222222222102101101111000101210

200202102202000000200202201010122100012220222222202222222220222222222222222220122222002220002222202220002220122222222020222221222222212102002220020220220222222020022222222222222222020222212022020222222202202222202222200002021000002000000202222222222211100001021000001210

101111101111110110111111100100011010101110111112212110222220221222222222222121022111101211101111111110002211111111111011221120111121101001001211110110220222222020022222222222222222020222202022020222222202212222202222200002011000002000000202222222222102101101011000101210

101111100022000000201202201000122100012220222222202222222220222222222222222220022222002220002222202220002220121222222120222221222222202002002120020220220222222020022222222222222222020222202022020222222202212222202222200002001011102000000202222222222102202201001000101020

000000202201110010201102200000012010002220222222202222222220222222222222222220022222002220002222202220002221122222222020222220222222202002002220020220220222222020022222222222222222020222202022020222222202202222202222200002021022202000000202222222222211100001021000001200

010000000022000000202202201000122100012220222222202222222220222222222222222220022222002220002222202220002220122222222120222220222222202002002120020220221222222020022222222222222222020222202022020222222202222222202222200002011022202000000202222222222002202200201000101020

101111001022000000202202201010122100002220222222202222222220222222222222222220022222002220002222202220002220122222222020222220222222212102002220020220221222222020022222222222222222021222202022020222222202222222202222200002001022202000000202222222222202202200200000201020

000000010022000000202202201000222200012220222222202222222220222222222222222220022222002220002222202220002220122222222020222220222222212102002120020220220222222020022222222222222222020222202022020222222202222222202222200002011022202000000202222222222202101101011000001110

000000010022000000201202201000122100012220222222202222222220222222222222222220022222002220002222202220002220122222222020222220222222212102102221020220221222222020022222222222222222020222202022020222222202212222202222200002021022202000000202222222222111100001022001001200

000000010022000000200202200000022010002220222222202222222220222222222222222220022222002220002222202220000200000020222020222220222222202012002120020220220222222020122222222222222222020222202022120222222102202222202222200111021000001010010001211010011001002201201000201020

101111101111000000202202200000012000002220222222202222222220222222222222222220022222002220002222202220002220121222222020222220222222202002002220020220220222222020022222222222222222020222202022020222222202212222202222200002001022202000000202222222222102101101111000111110

000000010022000000202202201000222200022220222222202222222220222222222222222220022222002220002222202220002220121222222020222221222222212102102221020220221222222020022222222222222222020222202022020222222202212222202222200002011011102000000202222222222111100001021000001100

010000000022000000202202201000122100012220222222202222222220222222222222222220122222002220002222202220002220122222222120222221222222212102102220020220222222222020022222222222222222020222212022020222222202222222202222200002001022202000010202222222222102202200200000201020

101111101111110110100102200000012011002220222222202222222220222222222222222220022111001210101211101210002210112111111010222120111221102001002220020220220222222020022222222222222222020222202022020222222202202222202222200002011022202000000202222222222102101101011000101210

010000000022000000202202201000122100012220222222202222222220222222222222222220122222002220002222202220002220122222222020222220222222212102002220020220221222222020022222222222222222020222212022020222222202212222202222200002021022202000010202222222222102202200201000101020

000000010022000000202202201000122100012220222222202222222220222222222222222220022222002220002222202220001120122222222020122210222212202002002120020220220222222020022222222222222222020222202022020222222202212222202222200002001011102000000202222222222011100101021000001000

200202202201020000200102200000012001002220222221101122111110112111111111111210011222002120002222202220000200000020222020222220222222202022002220020220220222222020022222222222222222020222202022020222222202212222202222200002011011102000000202222222222102101201011000001020

200202202201110010111111100100011010101110111111111111111110111111111111111111011111101111101111111110011111111111111011111110111111101011001210110110110111122020022222222222222222020222202022020222222202212222202222200002011011102000000202222222222102101101111000111010

101111101111110110111111100100111010101110111111111111111110111111111111111111011111101111101111111110010101000010111011111110111111101101001210110110110111121010111111111111111111010111101111110111111101101112101111200111121011101010000111211111111111101101011000001110

010000000022000000202202200000022000002220222222202222222220222222222222222220022222002220002222202221002220122222222120222220222222202002002220020220222222222020022222222222222222021222202022020222222202222222202222200111001000202000010202222222222102101101111000101110

000000100022000000202202201000122100012220222222202222222220222222222222222220122222002220002222202220002220122222222020222221222222212102002220020220220222222020022222222222222222020222212022020222222202212222202222200002001022202000000202222222222111100001021000001100

000000010022000000202202201000222200012220222222202222222220222222222222222220022222002220002222202220002220122222222020222220222222202002002220020221220222222020022222222222222222020222202022020222222202222222202222200002001022202000000202222222222102202201101000101020

010000100022000000202202200000022000002220222222202222222220222222222222222220022222002220002222202220002220122222222120222220222222202002002220020220221222222020022222222222222222020222202022020222222202212222202222200002011011102000000202222222222011101001121000101100

