110001101111111000110111101110111211010110111112001001010011001110011001100010100000001000000000010000010200000000100000010001010101101000011110011000001121000010111200101101200111100110000000101000101011110100111100000111111101011101010000011111011111010000010101110000101101101000011010101110010120000101111101101001111101111110011110011120100111111010210010111100110110111011110111111100110101001001100111101001110111111020011010020

000001000000000000100010000100010210000000010112000000000000000020000200002000002020000202220002010022210201002022100000000000200122001000000100011000001021000010101200100110200110110100011000001000001010010100101100000222211200010102010000021110012021020000000100011000100000000000000020100110000120000001111001100001100000110010000010001000000200010000210020000100100010011011100000002100100200000000000010101000000000000000001101000

110001101111111000110111101110111211010110111111001001010011001110011101101010101010001101110001010011110101001011100000010001110111101010011110011001001011000110101100100110100110110100011000001000001010010100101100000111111100010101010000011111011011010000010101011000101101101000011010101110010120000001111101101001111101110110001110011110100110111010210010111100110010111011110111111100110100001000000111101001110011101010001110000

110011101111111100111111111110111211111111111112001001010011001120011201102010102020001202220002010022210201002022100000010001210122101000011110021100001022000010201200100110200220111100011011001010011010011100101100110212211200010102111100021110012021020111010101011000101101101000011010201210010120000001111112201001111111110110001120011110100110111010220011111200211020111011110111111100110100001000000111101001111011101010001110000

110011101111111100111111111110111211111111111112001001010011001120011201112011112121111212221112111022211201112022111110110111211122101001111111011000001022111011101200100110200220100100020011001110011010011101101111001222211210110112010010121110112021120000010101022101111101101000011020201210010120000001111102201001111101110111101120011110100210111010220021111201210020111011210111112111110200001000010111201001111011101020001210000

110011101111111100111111111110111211111111111112001001010011001120011201102010102020001202220002010022210201002022100000010001210122101000011110021100001022000010201200100110200220120100021011001000012010011100101100110222211200010102111100021110012021020111010111012000101101111110111121211211111121111011111112211111111101110110001120111110100210111011220021111200211020111011210111112100110200001000000111211101110011101010001210000

220012202222111100221222211220222122121221222221002002020022002210022102201020201010002101110001010011110101001011100000020002110111101000022120011101001011000010101100200110100110110100011010001011011010011100101100110111111100010101111100011111011011010111010102001000102102202000012010102110020120000001111211102001112212120210002210021220200110211020210011222100121010121021120222221100120100001000000212211101110021200020001110000

110001101111111000110111101110111211010110111112001001010011001120011201102010102020001202220002010022210201002022100000010001210122101000011110011000001022000010101200100110200220110100011000001000001010010100101100000121111100010101010000011111011011010000010101021000101101101000011020101110010120000001111101101001111101110110001110011110100210111010210020111100110010111011110111112110110200001000000111101001110011101020001110000

110001101111111000110111101110111211010110111112001001010011001110011101101010101010001101110001010011110201001011100000010001110111101010011110011001001021000010101200100110200110120100021000001000001010010100101100000121111100010101010000011111011011010000010101022000101101101000011020101110010120000001111101101001111101110110001110011110100210111010210020111100110010111011110111112100110200001000000111101001110011101010001110000

220001101111111000120222201120212212021220212111002002020022002110022101201010101010002101110001010011110101001011100000020002110111101000022120011001001011000110101100100110100110101100000010001010001010010100101100000111111100010101010000011111011011010000010101010000101101101000011010001010010120000001111100001001110010120010001100001010000110111010200010111000010000111010110111111100110100001000000111101001110011101010001010000

220002102112111000120222201120212212020220212111002002020022002110022101201010101010002101110001010011110101001011100000020002110111101000022120011101001011000010101100100110100110110100011000001000001010010100101100110111111100010101111100011111011011010111010101011000101101101000011010101110010120000001111111101001111101110110001110011110100110111010210010111100111010111011110111111100110100001000000111111101110011101010001110000

110011101111110100111111100112111201012111111111001001010011001110011101101010101010001101110001010011110101001011100000010001110111101000011110011001001011000010101100110000100110101000000021001010011000011100101100000000011000000100000000000010000001000011010101000000101101101000011000001010010120000001111110001001111111110110101100011110100010111010200000111000011000111010010111110000110000000000000111100001111011101010001010000

000001102110111000110111101110111211010110111111001001010011001110011101101010101010001101110001010011110101001011100000010001110111101000011110011001001011000110101100100110100110100100000000001000001010010100101100000010011000000100000000000110000001000000010101010000101101101000011010101110010120000001111101101001111101110110001110011120100110111010210010111100110010111011110111111100110100001000000111101001110011101010001010000

110001001111101000010111100010101201010110101001001001010011001110011100101000101010001101110001010011110101001011100000010001110111101000011110010101001011000000101100000110100110110000010000001000001010010100101100110111111100010101111100011111011011010111000110011000100000010110100111110111101121111011111011110111100000100010000010101000000100010001210010000100101010001001100000001100100100000000000010111100000000000010001100000

110001101111111000110111101110111211010110111110001001010011001110011001100010100000001000000000010000010000000000100000010001010101101000011110011000001001000010101000100100000110100100000000001000001010010100101100000111111100010101010000011111011011010000010101000000101101101000011010101110010120000001111101101001111101110110001110011110100110111010210010111100110010111011110111110100110100001000000111101001110011101010001010000

220002102111111000220222201220222222020220222222002002020022002210022102201020201010002101110001010011110201001011100000020002110111101000022120011001001021000010101200200110200110110100011000001000001010010100101100000121111100010101010000011111011011010000010102121000102102202000012020102110020120000001111201102001112202120210002210021220200210211020210021222100120010121021120222222100120200001000000212201001110021200020001110000

110001101111111000110111101110111211010110111111001001010011001110011101101010101010001101110001010011110101001011100000010001110111101010011110011101001111000010111100101111100111110110010000101000101011110100111100110111111101011101111100011111011111010111010111011000101101111110111111111111111121111011111111111111111101110110001110111110100110111011110010111100111010111011110111111100110100001100000111101101110011101010001110010

110001000000101000010111100010101201010110101001001001010011001120011201112001112121111212221112111022211101112022111110100110211122101001101101010000001011111001101100000110101110110000011000001100001010010101101111001212211210110112010010121110112021120000000110011101110000010110100111210211101121111011111002210111100000100011000020101000000100010001220010000201200020001001100000001101100100000000010010101000000000000000001101000

220002102222111000220222201220222122020220222221002002020022002210022102201020201010002101110001010011110101001011100000020002110111101010022120011001001011000010101100200110100110110100011000001001001010010100101100000111111100010101010000011111011011010000010102011000102102202000012010102110020120000001111201102001112202120210002210021220200110211020210011222100120010121021120222221100120100001000000212201001110021200020001110000

000001000000000000000010000000000200000000000001000000000000000000000000000000000000000000000000010000010200000000100000000000000101001000000100010000001021000000101200000010200110110000010000001000001010010100101100000121111100010101010000011111011011010000000100121000100000000000000020100110000120000101111001100001100000101010010010001010000201010000210020000100100110001001100000002100100201000001100010101000000100010010011101010

110001101111111000210111101210121201011110101200001001010011001210011102101020201010001101110001010011110001001011100000010001110111101000011110011001001001000110101000200100000110101100000010001010001010010100101100000111111100010101010000011111011011010000010101011000101101101000011000101110010120000001111101101001111111110110001110011110100010111010210000111100110010111011110111111100110100001000000111101001111011101020001110010

110001101111111000110111101110111211010110111112001001010011001120011201102010102020001202220002010022210201002022100000010001210122101000011110011000001022000010101200100110200220120100021000001000001010010100101100000222211200010102010000021110012021020000010101022000101101101000011020201210010120000001111102201001111101110110001120011110100210111010220021111200210020111011210111112110110200001000000111101001110011101010001210000

220002102222111000220222201220222222020220222222002002020022002220022202202020202020002202220002020022220201002022200000020002220122101000022120021000001022000010201200200110200220120100021000001000001010010100101100000222211200010102010000021110012021020000010102022000102102202000012020202210020120000001111202202001112202120210002220021220200220212020220021222200220020221021220222222210120200001000000212201001110021200020001210000

110001001111101000010111100010101201010110101001001001010011001120011201102000102020001202220002010022210101002022100000010001210122101000011110010000001011000000101100000110100110120000021000001000001010010100101100000202211200010102010000021110012021020000010100012000100100000000010020200210000120000001111002200001110000110010000020001000000200010000220020000200200020011011100000001100100200000000000010101000000000000000001200000

220011101111111100121222211120212212121221212112002002020022002120022201202010102020002202220002010022220201002022200000020002220122101000022120021100001022000010201200100110200220100100000011001000011010011100101100110111111100010101111100011111011011010111010101000000101101101000011010101110010120000001111111101001111101110110001110011110100110111010210010111100111010111011110111111100110100001000000111111101110011101010001110000

220002102222111000220222201220222222020220222222002002020022002220022202202020202020002202220002020022220201002022200000020002220122101000022120021000001022000010201200200110200220120100021000001000001010010100101100000222211200010102010000021110012021020000010102022000102102202000012020202210020120000001111202202001112202120210002220021220200220212020220021222200220020121021220222222200120200001000000212201001110021200020001210000

220002102222111000220222201220222222020220222222002002020022002220022202202020202020002202220002020022220201002022200000020002220122101000022120021000001022000010201200200110200220120100021000001000001010010100101100000222211200010102010000021110012021020000010102022000102102202000012020202210020120000001111202202001112202120210002220021220200220212020220021222200220020121021220222222200120200001000000212201001110021200020001210000

220002102222111000220222201220222222020220222222002002020022002220022202202020202020002202220002020022220201002022200000020002220122101000022120021000001022000010201200200110200220120100021000001000001010010100101100000222211200010102010000021110012021020000010102022000102102202000012020202210020120000001111202202001112202120210002220021220200220212020220021222200220020121021220222222200120200001000000212201001110021200020001210000

110021000000000200012010000002100201012012001001001001000011001010011100101000001010000101110001010011110100001011100000000000100111001000000100010001001011000000101100010000100000000000000022000020021000002020000000000000011000000100000000000010000000000000000100000000100000000000000000000010000110000000000000000000000020000000000000000000000000000000200000000000000000001000000000000000100000000000000000000100002000000000000000000

110001000000101000010111100010101201010110101001001001010011001110011101111001111111111111111111111011111101111011111110110111111111101001111111010001011011111101101100000110111110100000120100001100001110010101101111001222211210110112010010121110112021120000010111022101111101111110111121211211111121111011111102211111111101110111001120111100100210111011220021111201210020111011210111112101110200000000010111101001110001000000001210000

110001100110111000110111101110111211010110111112001001010011001120011201102010102020001202220002010022210201002022100000010001210122101000011110011000001022000010101200100110200220120100021000001000001010010100101100000222211200010102010000021110012021020000010101022000101101101000011020201210010120000001111102201001111101110110001120011100100210111010220021111200210020111011210111112100110200001000000111101001110011101000001210000

220021002002000200122010200122010202002202200112000000020022002100022201002010102020002202220002010022220201002022200000020002220122101000022120021100001022000010201200110000200000100000010020001000021000012000001000100222211200000102111100021110002021020111010101022000101101101000011020201210010120000001111112201001111101110110001120011120100210111010220021111200211020111011210111112100110200001000000111111101111011101020001110000

000001000000000000000010000000000100000000000000000000000000000000000000000000000000000000000000000000010000000000100000000000000001001000000100010000001001000100100000000000000110100000000000001000001010010100101100000010011000000100000000000110000000000000000100010000100000000000000010000010000120000001111000000001100000100010000000001000000100010000200010000000000000001000100000001100100100000000000010101000000000000000001001000

110001101111111000210111101210121221010110121221001001010011001210011102101020201010001101110001010011110101001011100000010001110111101000011110011001001011000110101100200110100110100100020000001000001010010100101100000111111100010101010000011111011011010000010101012000101101101000011010101110010120000001111101101001111101110110001110011110100110111010210010111100110010111011110111111100110100001000000111101001110011101010001110000

110001101111111000110111101110111211010110111111001001010011001110011101101010101010001101110001010011110101001011100000010001110111101000011110011001001011000110101100100110100110110100010000011000001010010100101100000111111100010101010000011111011011010000010101111000101101101000011010101110010120000001111101101001111101110110001110011110100110111010210010111100110010111011110111111110110100001000000111101001110011101010001110000

110001101111111000110111101110111211010110111111001001010011001110011101101010101010001101110001010011110101001011100000010001110111101000011110011001001011000010101100100110100110110100011000001000001010010100101100000111111100010101010000011111011011010000010101001000101101101000011010101110010120000001111101101001111101110110001110011100100110111010210010111100110010111011110111110100110100001000000111101001110011101000001110000

110001101111111000110111101110111211010110111112001001010011001110011101101010101010001101110001010011110201001011100000010001110111101000011110011001001021000010101200100110200110110100011000001000001010010100101100000101111100010101010000011111011011010000010100011000101101101000011000101110010120000001111001101001111101110110001110011110100010111010210000111100110010111011110111110100110100000000000011101001000000000010001100000

110001101111111000110111101110111211010110111111001001010011001120011201102010102020001202220002010022210101002022100000010001210122101000011110011000001011000010101100100110100110120100021000001001001010010100101100000111111100010101010000011111011011010000010101012000101101101000011010101110010120000001111101101001111111110110001110011110100110111010210010111100110010111011110111111100110100001000000111101001111011101010001210000

110001101111111000110111101110111211010110111112001001010011001110011101101010101010001101110001010011110201001011100000010001110111101000011110011001001021000010101200100110200110110100011000001000001010010100101100000121111100010101010000011111011011010000010111011000101101111110111111111111111121111011111101111111111101110110001110111110100110111011210010111100110010111011110111111100110100001000000111101001110011101010001110000

000001000000000000000010000000000200000000000001000000000000000010000100011001011111110111111111111011111101111011111110100110101111001001100101010001011011111101101100000010100110110000010000011100001010010101101111001111111110110111010010111111111011110000000100011101110000000000000010100110000120000001111001100001100000100011000010001000000100010000210010000101100010001001100000001101100100000000010010101000000000000000001101000

220002102222111000220222201220222222020220222222002002020022002220022202202020202020002202220002020022220201002022200000020002220122101000022120021000001022000010201200200110200220120100021000001000001010010100101100000222211200010102010000021110012021020000010102022000102102202000012020202210020120000001111202202001112202120210002220021220200220212020220021222200220020121021220222222200120200001000000212201001110021200020001210000

000001100000011000200010001200020200000000000201000000000000000010000100001020001000000000000000010000010100000000100000000000000001001000000100011000001111000010111100201111100111120110021000101000101011110100111100000111111101011101010000011111011111010000010102122000102102202000012010002010020120000001111200002001110000121010002200001020000110111000200010220000000100111010120000202100120101001000000212201001110021210020011110010

000001000000000000000010000000000200000000000000000000000000000000000000000000000000000000000000000000010000000000100000000000000001001000000100010000001001000000100000000000000110100000000000001000001010010100101100000000011000000100000000000010000000000000000100000000100000000000000000000010000120000001111000000001100000100010000000001000000000010000200000000000000000001000000000000000100000000000000010100000000000000000001001000

000001000000000000000010000000000200000000000000000000000000000010000100001000001010000101110001010011110000001011100000000000100011001000000100010001001001000100101000000000000110100000000000001000001010010100101100000111111100010101010000011111011011010000000100000000100000000000000000100110000120000001111001100001100000100010000010001000000000010000210000000100100010001000000000000000100000000000000010100000000000000000001001000

110001101111111000110111101110111211010110111112001001010011001120011201102010102020001202220002010022210201002022100000010001210122101000011110011000001022000010101200100110200220110100011000001000001010010100101100000121111100010101010000011111011011010000010101021000101101101000011020101110010120000001111101101001111101110110001110011120100210111010210020111100110010111011110111112100110201001000000111101001110011101020001110000

110001101111111000110111101110111211010110111112001001010011001120011201102010102020001202220002010022210201002022100000010001210122101000011110011000001022000010101200100110200220120100021000001000001010010100101100000222211200010102010000001110010021020000010101122000101101101000011020001210010120000001111100201001111101110110001120011110100210111010220021111200210020111011210111112100110200001000000111101001110011101010011210000

110001000000101000010111100010101201010110101001001001010011001110011100101000101010001101110001010011110101001011100000010001110111101000011110010001001011000000101100000010100110100000000000001000001010010100101100000010011000000100000000000010000000000000000100000000100000000000000010100110000120000001111001100001100000100010000010001000000100010000210010000100100010001001100000001100100100000000000010101000000000000000001001000

110001000000101000010111100010101201010110101001001001010011001110011100101000101010001101110001010011110101001011100000010001110111101000011110010001001011000000101100000010100110100000000000001000001010010100101100000111111100010101010000011111011011010000000110010000100000010110100111110111101121111011111001110111100000100010000010101000000100010001210010000100100010001001100000001100100100000000000010111100000000000010001000000

110001101111111000110111101110111211010110111111001001010011001110011101101010101010001101110001010011110101001011100000010001110111101000011110011001001011000110101100100110100110110100011000001000001010010100101100000111111100010101010000011111011011010000010101011000101101101000011010101110010120000001111101101001111101110110001110011110100110111010210010111100110010111011110111111110110100001000000111101001110011101010001110000

110001001111101000010111100010101201010110101001001001010011001110011100101000101010001101110001010011110101001011100000010001110111101000011110010001001111000100111100001011100111110010010000101000101011110100111100000111111101011101010000011111011111010000010100011000101101101000011010101110010120000101111001101001111101111110111110011100100111111010210010111100110110111011110111111100110100000001100111101001110101010010011110010

110001101111111000110111101110111211010110111111001001010011001110011101101010101010001101110001010011110101001011100000010001110111101000011110011001001011000110101100100110100110110100011000001001001010010100101100000111111100010101010000011111011011010000010111011000101101111110111111111111111121111011111101111111111101110110001110111110100110111011210010111100110010111011110111111100110100001000000111101001110011101010001110000

000001000000000000100010000100010210000000010110000000000000000000000000000010000000000000000000010000010100000000100000000000000101001000000100011000001011000110101100100110100110110100011000001000001010010100101100000111111100010101010000011111011011010000010101011000101101101000011010101110010120000001111101101001111101110110001110011110100110111010210010111100110010111011110111111100110100001000000111101001110011101010001110000

220002102111111000220222201220222222020220222222002002020022002210022102201020201010002101110001010011110201001011100000020002110111101010022120011001001021000010101200200110200110120100021000001000001010010100101100000222211200010102010000021110012021020000010102022000102102202000012020202210020120000001111202202001112202120210002220021220200220212020220021222200220020121021220222222200120200001000000212201001110021200020001210000

110001101111111000210111101210121221010110121221001001010011001220011202102020202020001202220002010022210101002022100000010001210122101010011110021000001012000010201100200110100220120100021000001000001010010100101100000222211200010102010000021110012021020000010102022000102102202000012020202210020120000001111202202001112202120210002220021210200220212020220021222200220020121021220222222200120200001000000212201001110021200010001210000

110001001111101000010111100010101201010110101001001001010011001120011201102000102020001202220002010022210101002022100000010001210122101000011110010000001011000000101100000110100110120000021000001000001010010100101100000222211200010102010000021110012021020000010100022000100100000000010020200210000120000001111002200001100000100010000020001000000200010000220020000200200020011011100000002100100200000000000010101000000000000010001200000

110011000110101100011111110010101201110111101001001001010011001110011100101000101010001101110001010011110101001011100000010001110111101000011110010101001011000100101100000010100110100000000001001000011010011100101100110111111100010101111100011111011011010111000110000000100000010110100111110111101121111011111011110111100000100010000010101000000100010001210010000100101010001001100000001100100100000000000010111100000000000000001000000

110011001111101100011111110011101201111111101001001001010011001110011100101000101010001101110001010011110101001011100000010001110111101000011110010001001011000100101100000010100110101000000011001010011010011100101100000101111100010101010000011111011011010000000100000000100000000000000000100110000120000001111001100001100000100010000010001010000000010000110000000100100010001000000000000000100000000000000010100000001000000000001001000

110001101111111000110111101110111211010110111110001001010011001110011101101010101010001101110001010011110001001011100000010001110111101000011110011001001001000110101000100110000110111100011000001010001010010100101100000101111100010101010000011111011011010000010101111000101101101000011000001010010120000001111100001001111101110110001100011110100010111010200000111000010000111010010111110000110000000000000111100001110011101000001110000

220012102111101100021222211020202212121221202002002002020022002120022201202000102020002202220002010022220201002022200000020002220122101000022120011000001022000010101200000110200220110100011011001000011010011100101100000121111100010101010000011111011011010000000100011000100000000000000020100110000120000001111001100001100000100010000010001010000200010000210020000100100010011011100000002100100200000000000010111100000000000010001100000

000001000000000000000010000000000200000000000000000000000000000010000100001000001010000101110001010011110000001011100000000000100011001000000100010001001001000000101000000010000110110000010000001000001010010100101100000111111100010101010000011111011011010000010100011000101101101000011010101110010120000001111101101001111101110110001110011100100110111010210010111100110010111011110111111100110100001000000111101001110011101000001110000

110001101111111000110111101110111211010110111110001001010011001110011101101010101010001101110001010011110001001011100000010001110111101000011110011001001001000010101000100110000110110100011000001000001010010100101100000101111100010101010000011111011011010000010101001000101101101000011000101110010120000001111101101001111101110110001110011100100010111010210000111100110010111010010111110000110000000000000111100001110011101000001110000

110001101111111000110111101110111211010110111112001001010011001110011101101010101010001101110001010011110101001011100000010001110111101000011110011001001011000010101100100110100110110100011000001000001010010100101100000111111100010101010000011111011011010000010101011000101101101000011010101110010120000001111101101001111101110110001110011110100110111010210010111100110010111011110111111110110100001000000111101001110011101010001110000

110001101111111000110111101110111211010110111112001001010011001120011201102010102020001202220002010022210201002022100000010001210122101000011110011000001022000010101200100110200220110100011000001000001010010100101100000121111100010101010000011111011011010000010101011000101101101000011010101110010120000001111101101001111101110110001110011110100110111010210010111100110010111011110111112110110200001000000111101001110011101010001110000

000001000000000000000010000000000200000000000001000000000000000010000100001000001010000101110001010011110100001011100000000000100111001000000100010001001011000100101100000110100110110000010000001000001010010100101100000111111100010101010000011111011011010000000100011000100000000000000010100110000120000001111001100001100000100010000010001000000100010000210010000100100010001001100000001100100100000000000010101000000000000000001101000

110001101111111000110111101110111111010110111112001001010011001120011201112011112121111212221112111022211201112022111110110111211122101001111111011000001022111011101200100110201220120100021000001100002010010101101111001222211210110112010010121110112021120000010101022101111101101000011020201210010120000001111102201001111101110111001120011110100210111010220021111201210020111011210111112101110200001000010111201001110011101010001210000

220002102112111000120222201120212212020220212111002002020022002120022201202010102020002202220002010022210101002022100000020002210122101000022120011000001011000010101100100110100110120100021000001000001010010100101100000212211200010102010000021110012021020000010101022000101101101000011010201210010120000001111102201001111101110110001120011110100110111010220011111200210020111011110111112100110100001000000111101001110011101000001210000

110001101111111000110111101110111211010110111110001001010011001110011001100010100000001000000000010000010000000000100000010001010101101000011110011000001001000010101000100100000110101100000000001010001010010100101100000000011000000100000000000010000001000000010101000000101101101000011000001010010120000001111100001001111111110110001100011110100010111010200000111000010000111010010111110000110000000000000111100001111011101010001010000

110001101111111000110111101110111211010110111111001001010011001110011101101010101010001101110001010011110101001011100000010001110111101000011110011001001011000110101100100110100110110100011000001000001010010100101100000111111100010101010000011111011011010000010111011000101101111110111111111111111121111011111101111111111101110110001110111100100110111011210010111100110010111011110111111100110100001000000111111101110011101010001110000

110011001111101100011111110011101201111111101001001001010011001110011100101000101010001101110001010011110101001011100000010001110111101000011110010001001011000000101100000010100110100000000011001000011010011100101100000010011000000100000000000110000001000000010101000000101101101000011010001010010120000001111100001001111101110110001100011110100110111010200010111000010000111010110111110100110100001000000111101001110011101010001010000

220012102112111100121222211120212212121221212112002002020022002120022201202010102020002202220002010022220201002022200000020002220122101000022120021100001022000010201200100110200220120100021011001000012010011100101100110222211200010102111100021110012021020111010111022000101101111110111121211211111121111011111112211111110000120010001120101010000210111011220020111200211020111011210111112100110200001000000111211101110011101020001210000

000001000000000000000010000000000200000000000001000000000000000010000100001000001010000101110001010011110100001011100000000000100111001000000100010001001011000000101100000110100110110000010000001000001010010100101100000111111100010101010000011111011011010000000100011000100000000000000010100110000120000001111001100001100000100010000010001000000100010000210010000100100010001001100000001100100100000000000010101000000000000000001101000

220012202222111100221222211220222222121221222222002002020022002220022202202020202020002202220002020022220201002022200000020002220122101000022120021000001022000010201200200110200220111100011011001010011010011100101100000222211200010102010000021110012021020000010102022000102102202000012020202210020120000001111202202001112212120210102220021220200220212020220021222200220020121021220222222200120200001000000212211101111021200020001210000

110011000110101100011111110011101201111111101000001001010011001000011000100000000000001000000000000000010000000000100000010001010101101000011110010000001001000100100000000000000000000000000010000020011000001020000000000000011000000100000000000010000000000000000100000000100000000000000000000010000110000000000000000000000020000000200001000010000000000000200000000000000000001000000000000000100000000000000000000000002000000010000000010

220002102222111000220222201220222222020220222222002002020022002220022202202020202020002202220002020022220201002022200000020002220122101000022120021000001022000010201200200110200220110100011000001000001010010100101100000111111100010101010000011111011011010000010102011000102102202000012010102110020120000001111201102001112202120210002210021220200110211020210011222100120010121021120222221100120100001000000212201001110021200020001110000

220002101111111000220222201220222222020220222221002002020022002210022102201020201010002101110001010011110101001011100000020002110111101000022120011001001011000010101100200110100110110100011000001000001010010100101100000111111100010101010000011111011011010000010102011000102102202000012010102110020120000001111201102001112212120210002210021220200110211020210011222100120010121021120222221100120100001000000212201001110021200010001110000

220002102112111000120222201120212212020220212111002002020022002110022101201010101010002101110001010011110101001011100000020002110111101000022120011001001011000010101100100110100110111100011000001010001010010100101100000111111100010101010000011111011011010000010102011000102102202000012010102110020120000001111201102001112212120210002210021220200110211020210011222100120010121021120222221100120100001000000212201001110021200020001110000

110001000111101000010111100010101201010110101002001001010011001120011201102000102020001202220002010022210201002022100000010001210122101000011110010000001022000000101200000110200220110000011000001000001010010100101100000222211200010102010000021110012021020000010100022000100100000000010020200210000120000001111002200001100000100010000020001010000200010000220020000200200020011011100000002100100200000000000010101000000000000010001200000

220012202222111100221222211220222222121221222222002002020022002220022202202020202020002202220002020022220201002022200000020002220122101000022120021000001022000010201200200110200220100100020011001010011010011100101100000212211200010102010000021110012021020000010102012000102102202000012010202210020100000000000200202000000020020000102220000020000000110000220010222200200020111011120020201100120100001000000212201001111021200020001210000

110001101111111000110111101110111111010110111111001001010011001110011101101010101010001101110001010011110101001011100000010001110111101000011110011001001011000110101100100110100110110100011000001000001010010100101100000111111100010101010000011111011011010000010111011000101101111110111111111111111121111011111101111111111101110110001110111110100110111011110010111100110010111011110111111100110100000000000011101001000011100010001110000

220002102222111000220222201220222222020220222222002002020022002220022202202020202020002202220002020022220201002022200000020002220122101000022120021100001022000010201200200110200220120100021000001000002010010100101100110222211200010102111100021110012021020111010112022000202102212110112121212221121121111011111212212111112202120210002220121220200220212021220021222200221020121021220222222100120200001100000212211101110021200020001210000

110001101111111000110111101110111211010110111112001001010011001110011101101010101010001101110001010011110201001011100000010001110111101000011110011001001021000010101200100110200110110100011000001000001010010100101100000121111100010101010000011111011011010000010101020000101101101000011020101110010120000001111101101001111101110110001110011120100210111010210020111100110010111011110111112100110200001000000111111101110011101020001010000

110001101111111000110111101110111211010110111111001001010011001110011101101010101010001101110001010011110101001011100000010001110111101000011110011001001011000110101100100110100110110100011000001000001010010100101100000111111100010101010000011111011011010000010101011000101101101000011010101110010120000001111101101001111101110110001110011110100110111010210010111100110010111011110111111100110100001000000111101001110011101010001110000

110011101111111100111111111110111211111111111222001001010011001110011101101010101010001101110001010011110201001011100000010001110111101000011110011001001121000010111200101111200111110110010011101000111011111100111100000121111101011101010000011111011111010000010101121000100100000000000020100110000120000101111001100001100000101010010010001010000201010000210020000100100110011011100000102100100201000001100011101000000110110020011100000

110001000000000000010010000000100201010010001000001001000011001000011000100000000000001000000000000000010000000000100000000000010101101000001100010000001001000100100000000000000110100000000000001000001010010100101100000000011000000100000000000010000000000000000100000000100000000000000000000010000120000001111000000001100000100010000000001000000000010000200000000000000000001000000000000000100000000000000010100000000000000000001001000

110001001000101000010111100010101201010110101001001001010011001120011201102000102020001202220002010022210101002022100000010001210122101000011110010000001011000000101100000010100110110000010000001000001010010100101100000121111100010101010000011111011011010000000100021000100000000000000020100110000120000001111001100001100000100010000010001010000200010000210020000100100010011011100000002100100200000000000010101000000000000010001101000

000001000000000000000010000000000200000000000000000000000000000000000000000000000000000000000000000000010000000000100000000000000001001000000100010000001001000100100000000000000110100000000000001000001010010100101100000000011000000100000000000010000001000000000100001000100000000000000000000010000120000001111000000001100000100010100000001000000000010000200000000000000000001000000000000000100000000000000010100000000000000000001101000

110011101111111100111111111110111211111111111111001001010011001120011201112011112121111212221112111022211101112022111110110111211122101001111111011000001011111011101100100110100110100100020011001110011010011101101111001111111110110111010010111111111011110000010102021101112102202000012020102110020120000001111201102001112212120211102210021210200210211020210021222101120010121021120222222111120100001000010212201001111021200010001210000

110011101111111100111111111110111211111111111112001001010011001110011101101010101010001101110001010011110201001011100000010001110111101010011110011001001021000010101200100110200110111100011011001010011010011100101100000111111100010101010000011111011011010000010101011000101101101000011010101110010120000001111101101001111111110110101110011110100110111010210010111100110010111011110111111110110100001000000111101001111011101010001110000

110001101000000000110000100110010001000000110100001000010011001010011001100010000000001000000000000000010000000000100000010001010101101000011110011000001001000110101000100100000110100100000000001000001010010100101100000000011000000100000000000010000001000000010101000000101101101000011000001010010120000001111100001001111101110110001100011110100010111010200000111000010000111010010111110000110000000000000111100001110011101010001010000

110001101111111000110111101110111211010110111111001001010011001110011101101010101010001101110001010011110101001011100000010001110111101000011110011001001011000110101100100110100110110100011000001000001010010100101100000111111100010101010000011111011011010000010101001000101101101000011010101110010120000001111101101001111101110110001110011100100110111010210010111100110010111011110111111100110100001000000111101001110011101000001110000

110001101111111000110111101110111211010110111110001001010011001110011001100010100000001000000000010000010000000000100000010001010101101000011110011000001001000110101000100100000110100100000000011000001010010100101100000111111100010101010000011111011011010000010101000000101101101000011010101110010120000001111101101001111101110110001110011110100110111010210010111100110010111011110111111100110100001000000111101001110011101010001010000

110001001111101000010111100010101201010110101000001001010011001110011100101000101010001101110001010011110001001011100000010001110111101000011110010001001001000000101000000000000110100000000000001000001010010100101100000101111100010101010000011111011011010000000100000000100000000000000000100110000120000001111001100001100000100010000010001010000000010000210000000100100010001000000000000000100000000000000010100000000000000010001001000

000001000000000000000010000000000200000000000000000000000000000000000000000000000000000000000000000000010000000000100000000000000001001000000100010000001001000000100000000000000110100000000000011000001010010100101100000000011000000100000000000010000000000000000100000000100000000000000000000010000120000001111000000001100000100010000000001010000000010000200000000000000000001000000000000000100000000000000010100000000000000010001001000

220002102112101000020222201020202212020220212002002002020022002120022201202000102020002202220002010022220201002022200000020002220122101000022120011000001022000010101200100110200220120100021000001000001010010100101100000222211200010102010000021110012021020000010101022000101101101000011020201210010120000001111002201001111101110110001120011110100210111010220021111200210020111011210111112100110200001000000111201001110011101020001210000

110001101111111000110111101110111211010110111111001001010011001110011101101010101010001101110001010011110101001011100000010001110111101000011110011001001111000110111100101111100111110110010000101000101011110100111100000111111101011101010000011111011111010000010102121000102102202000012000102110020120000001111201102001110000111010002210001010000010111000210000220100100110111011020000201000120001000000000212100001111021210010011110010

110001101110111000110111101110111211010110111111001001010011001110011101101010101010001101110001010011110101001011100000010001110111101000011110011001001011000010101100100110100110100100000000011000001010010100101100000010011000000100000000000110000001000000010101010000101101101000011010001010010120000001111100001001111101100110001100011110100110111010200010111000010000111010110111011100110100001000000111101001110011101010001010000

220012102112111100121222211120212212121221212112002002020022002110022101201010101010002101110001010011110201001011100000020002110111101000022120011101001021000010101200100110200110110100011011001000011010011100101100110111111100010101111100011111011011010111010101011000101101101000011010101110010120000001111111101001111101110110001110011110100110111010210010111100111010111011110111111100110100001000000111111101110011101020001110000

000001000000000000000010000000000200000000000002000000000000000010000100011001011111110111111111111011111201111011111110100110101111001001100101010001011021111001101200000110211110110000111100001100001110010101101111001111111110110111010010111111111011110000000110011101110000010110100111110111101121111011111001110111100000100011100010101000000100010001210010000101100010001001100000001101100100000000010010101000000000000000001101000

000001000000000000100010000100010210000000010111000000000000000020000201002010002020000202220002010022210101002022100000000000200122001000000100011000001011000010101100100110100110120100021000001000001010010100101100000121111100010101010000011111011011010000010101022000101101101000011020201210010120000001111102201001111101110110001120011110100210111010220021111200210020111011210111112100110200001000000111101001110011101000001210000

110001101111111000110111101110111111010110111111001001010011001110011101101010101010001101110001010011110101001011100000010001110111101000011110011001001011000110101100100110100110100100000000011000001010010100101100000101111100010101010000011111011011010000010101001000101101101000011010101110010120000001111101101001111101110110001110011110100110111010110010111100110010111010010111110000110000000000000111100001110011101010001110000

110001101111111000110111101110111211010110111111001001010011001120011201102010102020001202220002010022210101002022100000010001210122101010011110011000001012000010101100100110100220120100021000001000001010010100101100000111111100010101010000011111011011010000010101022000101101101000011010101110010120000001111101101001111101110110001110011110100110111010210010111100110010111011110111111100110100001000000111101001110011101010001210000

000001000000000000100010000100010210000000010112000000000000000020000201002010002020000202220002010022210201002022100000000000200122001000000100011000001021000010101200100110200110120100021000001000001010010100101100000222211200010102010000021110012021020000010101012000101101101000011020201210010120000001111102201001111101110110001120011110100210111010220021111200210020111011210111112100110200001000000111101001110011101010001210000

000001000000000000000010000000000200000000000001000000000000000000000000000000000000000000000000010000010100000000100000000000000001001000000100010000001111000100111100001001100111100010000000111001101011110100111100000111111101011101010000011111011111010000000100110000100000000000000010100110000120000001111001100001100000100010000010001010000100010000210010000100100010001001100000001100100101000000000010101000000000000000001001000

000011000000000100001010010000000200100001000000000000000000000000000000000000000000000000000000000000010000000000100000000000000001001000000100010000001001000100100000000000000110100000000000011000011000011100101100000000011000000100000000000010000000000000000100000000100000000000000000000010000120000001111000000001100000100010000000001000000000010000200000000000000000001000000000000000100000000000000010100000000000000000001001000

220012102111111100121212211120212112121221212111002002020022002110022101201010101010002101110001010011110101001011100000020002110111101000022120011001001011000010101100100110100110111100011011001010011010011100101100000111111100010101010000011111011011010000010101011000101101101000011010101110010120000001111101101001111111110110001110011110100110111010210010111100110010111011110111111100110100001000000111101001110011101010001110000

110001101111111000110111101110111211010110111111001001010011001110011101101010101010001101110001010011110101001011100000010001110111101000011110011001001111000110111100101111100111110110010000101000101011110100111100000111111101011101010000011111011111010000010101011000100000000000000010100110000120000101111001100001100000111010010010001000000101010000210010000100100110001001100000001100100100000001100110101000000100010000011101010

110001001111101000010111100010101101010110101001001001010011001110011100101000101010001101110001010011110101001011100000010001110111101000011110010101001011000100101100000010100110100000000000001001001010010100101100110111111100010101111100011111011011010111010100000000101101101000011010101110010120000001111111101001111101100110001110011100100110111010210010111100111010111011110111011100110100000000000111101001110001000000001010000

220002102222111000220222201220222222020220222222002002020022002220022202202020202020002202220002020022220201002022200000020002220122101000022120021000001022000010201200200110200220120100021000001000001010010100101100000222211200010102010000021110012021020000010102022000102102202000012020202210020120000001111202202001112202120210002220021220200220212020220021222200220020221021220222222210120200001000000212211101110021200020001210000

110011001111101100011111110011101201111111101000001001010011001000011000100000000000001000000000000000010000000000100000010001010101101000011110010000001001000000100000000000000110100000000011001000011000011100101100000000011000000100000000000010000000000000000100000000100000000000000000000010000120000001111000000001100000100010000000001000000000010000200000000000000000001000000000000000100000000000000010100000001000000000001001000

110001101111111000110111101110111211010110111110001001010011001110011101111011111010001101110101010011110001011011101000010101111111101000011111011001001001010110101000100110000110110100011000001100001010010101101111001111111110110111010010111111111011110000010111001101111101111110111111111111111121111011111101111111111101110111001110111110100110111011210010111101110010111011110111111101110100001000010111101001110011101010001110000

000001000000000000000010000000000200000000000001000000000000000000000000000000000000000000000000010000010100000000100000000000000101001000000100010000001011000000101100000010100110110000010000001000001010010100101100000010011000000100000000000010000000000000000100110000100000000000000010000010000120000001111000000001100000100010000000001010000100010000200010000000000000001000100000001100100101000000000010101000000000000000001001000

000001000000000000000010000000000100000000000000000000000000000000000000000000000000000000000000000000010000000000100000000000000001001000000100010000001101000000110000001001000111100010000000101000101001110000011100000000010001001100000000000010000100000000000100100000100000000000000000000010000120000101111000000001100000101010010000001000000001010000200000000000000100001000000000000000100001000001100010100000000100010000011001010

000001000000000000100010000100010210000000010111000000000000000010000101001010001010000101110001010011110100001011100000000000100111001000000100011001001011000110101100100110100110110100010000011010001010010100101100000111111100010101010000011111011011010000010101011000101101101000011010101110010120000001111101101001111111110110101110011120100110111010210010111100110010111011110111111100110100001000000111101001110011101010001110000

220002101111111000220222201220222202020220202200002002020022002210022102201020201010002101110001010011110001001011100000020002110111101000022120011001001001000010101000200110000110110100011000001000001010010100101100000111111100010101010000011111011011010000010102021000102102202000012010102110020120000001111201102001112202120210002210021220200110211020210011222100120010121021120222221100120100001000000212201001110021200010001110000

220012102112111100121222211120212212121221212112002002020022002120022201202010102020002202220002010022220201002022200000020002220122101000022120011000001022000010101200100110200220111100011011001010011010011100101100000212211200010102010000021110012021020000010102012000102102202000012010202210020120000001111202202001112212120210102220021210200120212020220011222200220020121021120222221100120100001000000212201001111021200010001210000

000011000000000100101010010100010210101001010112000000000000000010000101001010001010000101110001010011110200001011100000000000100111001000000100011101001021000010101200100110200110110100011011001000011010011100101100110111111100010101111100011111011011010111010101011000101101101000011010101110010120000001111111101001111111110110001110011110100110111010210010111100111010111011110111111100110100001000000111101001110011101010001110000

000001000000000000000010000000000200000000000000000000000000000000000000000000000000001000000000000000010000000000100000000000010101101000001100010000001001000000100000000000000110100000000000001000001010010100101100000020011000000100010000001110000001000000010100011000101101101000011020101110010120000001111101101001111101110110001110011120100210111010210020111100110010111011110111112100110200000000000111101001110001000020001010000

110001101111111000110111101110111211010110111112001001010011001120011201102010102020001202220002010022210201002022100000010001210122101000011110011000001022000010101200100110200220120100021000001000001010010100101100000222211200010102010000021110012021020000010101022000101101101000011020201210010120000001111102201001111101110110001120011110100210111010220021111200210020111011210111112110110200001000000111101001110011101010001210000

110011001111101100011111110010101201111111101002001001010011001110011101101000101010002101110001010011110201001011100000020002110111101000022120011001001021000010101200000010200110101000000011001010011010011100101100000111111100010101010000011111011011010000000100010000100000000000000010100110000120000001111001100001100000100010000010001010000100010000210010000100100010001001100000001100100100000000000010101000001000000010001001000

220001101111111000120212201120212112020220212200002002020022002110022101201010101010002101110001010011110001001011100000020002110111101000022120011001001001000010101000200110000110120100021000001000001010010100101100000111111100010101010000011111011011010000010102012000102102202000012010102110020120000001111201102001112202120210002210021210200110211020210011222100120010121021120222221100120100001000000212201001110021200010001210000

110001101111111000110111101110111211010110111112001001010011001110011101101010101010001101110001010011110101001011100000010001110111101010011110011001001011000010101100100110100110110100011000001000001010010100101100000111111100010101010000011111011011010000010101011000101101101000011010101110010120000001111101101001111101110110001110011110100110111010210010111100110010111011110111111100110100001000000111101001110011101010001110000

110001101111111000110111101110111211010110111111001001010011001110011101101010101010001101110001010011110101001011100000010001110111101000011110011001001011000110101100100110100110110100011000001000001010010100101100000111111100010101010000011111011011010000010101011000101101101000011010101110010120000001111101101001111101110110101110011110100110111010210010111100110010111011110111111110110100001000000111101001110011101010001110000

220002102112111000120222201120212212020220212112002002020022002120022201202010102020002202220002010022220201002022200000020002220122101000022120011000001022000010101200100110200220110100011000001000001010010100101100000222211200010102010000021110012021020000010101021000101101101000011020201210010120000001111102201001111101110110001120011120100210111010220021111200210020111011210111112100110200001000000111101001110011101020001110000

110001101111111000210111101210121221010110121221001001010011001010011100101020001000001000000000010000010100000000100000020002010101101000022120011000001011000010101100200110100110101100000000001010001010010100101100000111111100010101010000011111011011010000010102011000102102202000012010102110020120000001111201102001112212120210102210021220200110211020210011222100120010121021120222221100120100001000000212201001110021200020001010000

220002101112111000120222201120212212020220212112002002020022002120022201202010102020002202220002010022220201002022200000020002220122101000022120011000001022000010101200100110200220110100011000001000001010010100101100000111111100010101010000011111011011010000010101011000101101101000011010201210010120000001111102201001111101110110001120011110100110111010220011111200210020111011110111111110110100001000000111101001110011101010001110000

220002102222111000220222201120222212020220212222002002020022002120022201202010102020002202220002010022220201002022200000020002220122101010022120021000001022000010201200200110200220111100011000001010001010010100101100000111111100010101010000011111011011010000010102011000102102202000012010102110020120000001111201102001112212120210002210021220200110211020210011222100120010111011120222121110120100001000000212201001110021200020001110000

220002102112111000120222201120212212020220212112002002020022002120022201202010102020002202220002010022220201002022200000020002220122101000022120021000001022000010201200200110200220120100021000001000001010010100101100000121111100010101010000011111011011010000010101021000101101101000011020101110010120000001111101101001111101110110001110011120100210111010210020111100110010111011110111112100110200001000000111101001111011101010001110000

110001100110111000110111101110111211010110111112001001010011001120011201112011112121111212221112111022211201112022111110110111211122101001111111011000001022111011101200100110201220110100011000001100001010010101101111001121111110110111010010111111111011110000010111011101111101111110111121111111111121111011111101111111111101110111001110111110100210111011210020111101110010111011110111112101110200001000010111101001110011101010001110000

110001101111111000210111101210121221010110121221001001010011001210011102101020201010001101110001010011110101001011100000010001110111101000011110011001001011000110101100200110100110110100011000001001001010010100101100000101111100010101010000011111011011010000010102011000102102202000012010102110020120000001111201102001112202120210002210021210200110211020210011222100120010121021120222221100120100001000000212201001110021200000001110000

000001000000000000000010000000000200000000000000000000000000000000000100001000001000000000000100000000010000000000101000000100001001001000000000000010001000010200000000000000000000100000000000001100001010010101101111000010011000110110000000000110010001100000000100010101100000000000000010000010000120000001111000000001100000100011000000001000000100010000200010000000000000001000100000001101100100000000010010101000000000000000001001000

110001000111101000010111100010101201010110101002001001010011001120011201112001112121111212221112111022211201112022111110110111211122101001111111011000001022111011101200000110201220110100011000001100001010010101101111001222211210110112010010121110112021120000010101021101110100000000010020200210000120000001111102200001110000110011000020001010000200010000220020000201200020011011100000002101100200000000010010101000000010100010001100000

110001101111111000110111101110111211010110111112001001010011001120011201102010102020001202220002010022210201002022100000010001210122101000011110011000001022000010101200100110200220120100021000001000001010010100101100000222211200010102010000021110012021020000010101022000101101101000011020201210010120000001111102201001111101110110001120011110100210111010220021111200210020111011210111112100110200001000000111101001110011101010001210000

000001000000000000000010000000000200000000000001000000000000000000000000000000000000001000000000010000010100000000100000000000010101101000001100010000001011000000101100000010100110100000000000001000001010010100101100000010011000000100000000000010000000000000000100120000100000000000000010000010000120000001111000000001100000100010000000001010000100010000200010000000000000001000100000001100100100000000000010101000000000000010001001000

220002102222111000220222201220222222020220222221002002020022002220022202202020202020002202220002010022210101002022100000020002210122101000022120021000001012000010201100200110100220120100021000001000001010010100101100000212211200010102010000021110012021020000010102022000102102202000012010202210020120000001111202202001112202120210002220021220200120212020220011222200220020121021120222221110120100001000000212201001110021200020001210000

110001101110111000110111101110111111010110111111001001010011001110011101101010101010001101110001010011110001001011100000010001110111101000011110011001001001000010101000100110000110110100011000001000001010010100101100000111111100010101010000011111011011010000010101021000101101101000011010101110010120000001111101101001111101110110001110011120100110111010210010111100110010111011110111111100110100001000000111101001110011101010001110000

110001001111101000010111100010101201010110101001001001010011001110011100101000101010001101110001010011110101001011100000010001110111101000011110010001001011000000101100000110100110110000010000001000001010010100101100000010011000000100000000000110000000000000000100010000100000000000000010000010000120000001111000000001100000100010000000001010000100010000200010000000000000001000100000001100100100000000000010101000000000000010001101000

110011001110101100011111110011101201111111101001001001010011001110011100101000101010001101110001010011110101001011100000010001110111101000011110010001001011000000101100000010100110100000000011001000011010011100101100000111111100010101010000011111011011010000000100000000100000000000000010100110000120000001111001100001100000100010000010001000000100010000210010000100100010001001100000001100100100000000000010101000000000000010001001000

110001101111111000110111101110111211010110111111001001010011001120011201102010102020001202220002010022210101002022100000010001210122101000011110011000001011000010101100100110100110110100011000001000001010010100101100000111111100010101010000011111011011010000010101011000101101101000011010101110010120000001111101101001111101110110001110011110100110111010210010111100110010111011110111111100110100001000000111101001110011101010001110000

110001101111111000110111101110111211010110111112001001010011001120011201102010102020001202220002010022210201002022100000010001210122101000011110011000001022000010101200100110200220110100011000001000001010010100101100000121111100010101010000011111011011010000010101021000101101101000011020101110010120000001111101101001111101110110001110011110100210111010210020111100110010111011110111112110110200001000000111111101110011101010001110000

220001101111111000120212201120212112020220212112002002020022002120022201202010102020002202220002010022220201002022200000020002220122101000022120011000001022000010101200100110200220100100000000001000001010010100101100000111111100010101010000011111011011010000010101011000101101101000011010101110010120000001111101101001111111110110001110011110100110111010110010111100110010111011110111111100110100001000000111101001110011101010001210000

110001101111111000110111101110111211010110111111001001010011001110011101101010101010001101110001010011110101001011100000010001110111101000011110011001001011000010101100100110100110110100010000011000001010010100101100000010011000000100000000000110000001000000010101011000101101101000011010001010010120000001111100001001111101110110001100011110100110111010200010111000010000111010110111111100110100001000000111101001110011101010011110000

220001101111111000120222201120212212020220212111002002020022002120022201202010102020002202220002010022210101002022100000020002210122101000022120011000001011000010101100100110100110120100021000001000001010010100101100000222211200010102010000021110012021020000010101022000101101101000011020201210010120000001111102201001111101110110001120011120100210111010220021111200210020111011210111112100110200001000000111201001110011101020001210000

110011101111111100111111111110111111111111111111001001010011001110011001100010100000001000000000010000010100000000100000010001010101101000011110011000001111000110111100101101100111100110000011101000111001111000011100000000010001001100000000000010000100000000010101000000101101101000011000001010010120000101111100001001111101111110011100011110100011111010200000111000010100111010110111110100110101001001100111101001110111111000011010010

000001000000000000000010000000000200000000000001000000000000000010000100001000001010000101110001010011110100001011100000000000100111001000000100010001001011000100101100000010100110100000000000001000001010010100101100000010011000000100000000000110000000000000000100010000100000000000000010100110000120000001111001100001100000100010000010001010000100010000210010000100100010001001100000001100100100000000000010101000000000000020001000000

110001101111111000110111101110111211010110111111001001010011001110011101101010101010001101110001010011110101001011100000010001110111101000011110011001001011000010101100100110100110110100011000001000001010010100101100000111111100010101010000011111011011010000010101011000101101101000011010101110010120000001111101101001111111110110101110011110100110111010110010111100110010111011110111111110110100001000000111101001110011101010001110010

220002102222111000220222201220222102020220202200002002020022002010022100201020001000002000000000000000010001000000100000020002010101101000022120011000001001000010101000200100000110100100000000001000001010010100101100000000011000000100000000000110000001000000010102000000102102202000012010002010020120000001111200002001112202120210002200021220200110211020200010222000020000121020120222220100120100001000000212201001110021200020001110000

110001101111111000110111101110111211010110111112001001010011001120011201102010102020001202220002010022210201002022100000010001210122101000011110011000001022000010101200100110200220120100021000001000001010010100101100000222211200010102010000021110012021020000010101022000101101101000011020201210010120000001111102201001111101110110001120011110100210111010220021111200210020111011110111112100110200001100000111101001110011101000001210000

220002102222111000220222201220222222020220222222002002020022002220022202202020202020002202220002020022220201002022200000020002220122101000022120021000001022000010201200200110200220120100021000001000001010010100101100000222211200010102010000021110012021020000010102022000102102202000012020202210020120000001111202202001112202120210002220021220200220212020220021222200220020121021220222222200120200001000000212201001110021200020001210000

220002102222111000220222201220222222020220222221002002020022002210022102201020201010002101110001010011110101001011100000020002110111101010022120011001001011000010101100200110100110110100011000001001001010010100101100000111111100010101010000011111011011010000010102011000102102202000012010102110020120000001111201102001112202120210002210021220200110211020210011222100120010121021120222221100120100001000000212201001110021200020001110000

220012102112111100121222211120212212121221212111002002020022002110022101201010101010002101110001010011110201001011100000020002110111101000022120011001001021000010101200100110200110100100000011001000011000011100101100000000011000000100000000000010000001000000010101000000101101101000011010101110010120000001111101101001111101110110001110011120100110111010210010111100110010111011110111111100110100001000000111101001110011101020001010000

110001101111111000210111101210121221010110121222001001010011001210011102101020201010001101110001010011110201001011100000010001110111101000011110011001001021000010101200200110200110120100021000001000001010010100101100000222211200010102010000021110012021020000010101022000101101101000011020201210010120000001111002201001111101110110001120011110100210111010220021111200210020111011110110002100110200000000000110101001000000000020001200000

000011001111101100011010210020000201101101200002000000000011000010011100001000001010001101110001010011110201001011100000020002110111101000021120011001001021000010101200000010200110100000000011001000011010011100101100000111111100010101010000011111011011010000000100000000100000000000000010100110000120000001111001100001100000100010000010001000000100010000210010000100100010001001100000001100100100000000000010111100000000000010001000000

110001000000101000010111100010101201010110101001001001010011001110011100101000101010001101110001010011110101001011100000010001110111101000011110010001001011000000101100000110100110111000010000001010001010010100101100000000011000000100000000000110000001000000000100011000100000000000000000100110000120000001111001100001100010100010100010001010000000010000210000000100100010001000000000000000100000000000000010100000000000000010011101010

000001000000000000000010000000000200000000000001000000000000000000000000000000000000000000000000010000010100000000100000000000000101001000000100010000001011000000101100000010100110100000000000001000001010010100101100000000011000000100000000000010000000000000000100000000100000000000000000000010000120000001111000000001100000100010000000001000000000010000200000000000000000001000000000000000100000000000000010100000000000000000001001000

220011001112101100021010110010000202101201100001000000010022002010022101001000001010002101110001010011110101001011100000020002110111101000022120011101001011000010101100000010100110100000000011001000011010011100101100110111111100010101111100011111011011010111010101000000101101101000011010101110010120000001111111101001111101110110001110011110100110111010210010111100111010111011110111111100110100001000000111111101110011101020001010000

220021002002000200122010200122010202002202200112000000020022002100022201002010102020002202220002010022220201002022200000020002220122101000022120011000001022000010101200110000200000100000000020001000021000012000001000000121111100000101010000011111001011010000010101010000101101101000011020101110010120000001111101101001111101110110101110011110100210111010210020111100110010111011110111112100110200001000000111111101110011101020001010000

110001000000101000010111100010101201010110101001001001010011001000011000100000000000001000000000010000010100000000100000010001010101101000011110010000001011000000101100000010100110100000000000001000001010010100101100000010011000000100000000000010000000000000000100000000100000000000000010000010000120000001111000000001100000100010000000001010000100010000200010000000000000001000100000001100100100000000000010101000000000000010001001000

220012202222111100221222211220222222121221222222002002020022002220022202202020202020002202220002020022220201002022200000020002220122101000022120021000001022000010201200200110200220120100021011001000012010011100101100000222211200010102010000021110012021020000010102022000102102202000012020202210020120000001111202202001112202120210002220021220200220212020220021222200220020121021220222222200120200001000000212201001110021200020001210000

000001000000000000100010000100010210000000010111000000000000000010000101001010001010000101110001010011110100001011100000000000100111001000000100011001001011000110101100100110100110110100011000001000001010010100101100000111111100010101010000011111011011010000010111011000101101111110111111111111111121111011111101111111111101110110001110111110100110111011210010111100110010111011110111111100110100001000000111101001110011101010001110000

110001101111111000110111101110111211010110111112001001010011001120011201102010102020001202220002010022210201002022100000010001210122101000011110011000001022000010101200100110200220110100011000001000001010010100101100000222211200010102010000021110012021020000010101021000101101101000011020201210010120000001111102201001111101110110001120011100100210111010220021111200210020111011210111112100110200001000000111101001110011101000001110000

000001000000000000000010000000000200000000000000000000000000000000000000000000000000000000000000000000010000000000100000000000000001001000000100010000001101000100110000001001000111100010000000101000101001110000011100000000010001001100000000000010000100000000000100100000100000000000000000000010000120000101111000000001100000101010010000001000000001010000200000000000000100001000000000000000100001000001100010100000000100010000011001000

110001001111101000010111100010101201010110101002001001010011001120011201102000102020001202220002010022210201002022100000010001210122101000011110010000001022000000101200000110200220110000011000001000001010010100101100000212211200010102010000021110012021020000010101011000100100000000000010200210000120000001111002200001100000100010000020001000000100010000220010000200200020001001100000001100100100000000000010101000000010100000001100000

220011000111101100021111110010201202121121102002002002010022002110022101201000101010002101110001010011110201001011100000000001110111101000002110010001001021000000101200000010200110100000000011001000011010011100101100000121111100010101010000011111011011010001000110100000100000010110100121110111101121111011111011110111100000100010000010101000000200010001210020000100101010001001100000001100100200000000000010111100000000000010001000000

220002102222111000220222201220222222020220222221002002020022002220022202202020202020002202220002010022210101002022100000020002210122101000022120021000001012000010201100200110100220120100021000001000001010010100101100000212211200010102010000021110012021020000010102012000102102202000012010202210020120000001111202202001112202120210002220021210200120212020220011222200220020121021120222221110120100001000000212201001110021200010001210000

110001101111111000110111101110111211010110111111001001010011001110011101101010101010001101110001010011110101001011100000010001110111101000011110011001001011000010101100100110100110110100011000001000001010010100101100000121111100010101010000011111011011010000010101021000101101101000011020101110010120000001111101101001111101110110001110011120100210111010210020111100110010111011110111112100110200001000000111101001110011101010001110000

220002102112111000120212201120212112020220212111002002020022002110022101201010101010002101110001010011110101001011100000020002110111101010022120011001001011000010101100100110100110110100011000001000001010010100101100000111111100010101010000011111011011010000010101001000101101101000011010101110010120000001111101101001110000120010001110001010000110111010210010111100110010111011110111111100110100001000000111101001110011101010001110000

110001001000101000010111100010101201010110101001001001010011001110011100101000101010001101110001010011110101001011100000010001110111101000011110011001001011000110101100100110100110111100011000001010001010010100101100000111111100010101010000011111011011010000010101011000100000000000000010100110000120000001111001100001100010100010000010001000000100010000210010000100100010001001100000001100100100000000000010101000001000000000001101000

000001101001011000200010101210020200000100100111000000000000000020000201002010002020000202220002010022210101002022100000000001200122001000000100011000001011000010101100100110100110120100021000001000001010010100101100000212211200010102010000021110012021020000010101012000101101101000011010201210010120000001111102201001111101110110001120011110100110111010220011111200210020111011110111111100110100001000000111101001110011101010001210000

000001000000000000000010000000000200000000000002000000000000000020000200002000002020000202220002010022210201002022100000000000200122001000000100010000001021000000101200000010200110110000010000001000001010010100101100000222211200010102010000021110012021020000000100021000100000000000000020200210000120000001111002200001100000100010000020001000000200010000220020000200200020011011100000002100100200000000000010101000000000000010011101000

110001101111111000110111101110111211010110111111001001010011001110011101101010101010001101110001010011110101001011100000010001110111101000011110011001001011000010101100100110100110110100011000001000001010010100101100000111111100010101010000011111011011010000010101021000101101101000011010101110010120000001111101101001111101110110001110011120100110111010210010111100110010111011110111111100110100001000000111101001110011101010001110000

110001000000000000010010000000100201010010001001001001000011001000011000100000000000000000000000010000010100000000100000000000000101001000000100010000001011000000101100000010100110110000010000001000001010010100101100000020011000000100010000001110000001000000000100020000100000000000000020000010000120000001111000000001100000100010000000001010000200010000200020000000000000001000100000002100100200000000000010101000000000000010001001000

220002102222111000220222201220222222020220222222002002020022002220022202202020202020002202220002020022220201002022200000020002220122101000022120021000001022000010201200200110200220120100021000001000001010010100101100000212211200010102010000021110012021020000010101011000101101101000011010201210010120000001111102201001111101110110001120011110100110111010220011111200210020111011110111111100110100001000000111101001110011101010001210000

110001100110111000110111101110111111010110111110001001010011001110011001100010100000001000000000010000010000000000100000010001010101101000011110011000001001000010101000100100000110100100000000001001001010010100101100000010011000000100000000000110000001000000010101011000101101101000011010001010010120000001111100001001111101110110001100011120100110111010200010111000010000111010110111111100110100001000000111101001110011101020001010000

110001100110111000110111101110111211010110111111001001010011001110011101101010101010001101110001010011110101001011100000010001110111101000011110011001001011000110101100100110100110110100011000001000001010010100101100000111111100010101010000011111011011010000010101011000101101101000011010101110010120000001111101101001111111110110101110011110100110111010210010111100110010111011110111111100110100001000000111101001110011101010001110000

110001101111111000110111101110111211010110111110001001010011001110011101101010101010001101110001010011110001001011100000010001110111101000011110011001001001000110101000100110000110110100011000001000001010010100101100000101111100010101010000011111011011010000010101011000101101101000011000101110010120000001111101101001111101110110001110011110100010111010210000111100110010111010010111110010110000000000000111100001110011101010001110000

000001000000000000000010000000000200000000000002000000000000000020000200002000002020000202220002010022210201002022100000000000200122001000000100010000001021000000101200000010200110100000000000001000001010010100101100000111111100010101010000011111011011010000000100021000100000000000000020100110000120000001111001100001100000100010000010001010000200010000210020000100100010011011100000002100100200000000000010101000001000000010001101000

220012102112101100021222211020202212121221202002002002020022002120022201202000102020002202220002010022220201002022200000020002220122101000022120011000001022000010101200000110200220111100011011001010011010011100101100000101111100010101010000011111011011010000010100001000101101101000011000101110010120000001111001101001111111110110101110011100100010111010210000111100110010111010010111110000110000000000000111100001111001000000001110000

000001000000000000000010000000000200000000000001000000000000000010000100001000001010000101110001010011110100001011100000000000100111001000000100010001001011000100101100000010100110100000000000001000001010010100101100000212211200010102010000021110012021020000000100000000100000000000000020200210000120000001111002200001100000100010000020001000000200010000220020000200200020011011100000001100100200000000000010101000000000000000001001000

110001001111101000010111100010101201010110101002001001010011001110011100101000101010001101110001010011110201001011100000010001110111101000011110010001001021000000101200000110200110110000010000001000001010010100101100000121111100010101010000011111011011010000010101021000101101101000011020101110010120000001111101101001111101110110001110011110100210111010210020111100110010111011110111112100110200001000000111101001110011101010011110000

110001101111111000110111101110111211010110111112001001010011001110011101101010101010001101110001010011110201001011100000010001110111101000011110011001001021000010101200100110200110110100011000001000001010010100101100000222211200010102010000021110012021020000010102022000102102202000012020202210020120000001111202202001112202120210002220021220200220212020220021222200220020121021220222222200120200001000000212201001110021200020001210000

220012102112111100121222211120212212120221212112002002020022002120022201202010102020002202220002010022220201002022200000020002220122101000022120021100001022000010201200100110200220120100021001001000012010011100101100110222211200010102111100021110012021020111010111022000101101111110111121211211111121111011111112211111111101110110001120111100100210111011220021111200211020111011210111112100110200001000000111211101110011101010001210000

110001101111111000110111101110111211010110111111001001010011001110011101101010101010001101110001010011110101001011100000010001110111101000011110011001001011000110101100100110100110110100010000011000001010010100101100000111111100010101010000011111011011010000010101011000101101101000011010101110010120000001111101101001111101110110001110011110100110111010210010111100110010111011110111111100110100001000000111101001110011101010001110000

000001000000000000100010000100010210000000010110000000000000000000000000000010000000000000000000000000010000000000100000000000000001001000000000001010001000000210001000100100000000100100010000001000001010010100101100000000011000000100000000000110000001000000010111001000101101111110111101011011111121111011111100011111111101110110001100111100100010111011200000111000010000111010010111110000110000000000000111100001110011101000001110000

000001000000000000000010000000000100000000000001000000000000000010000100011001011111110111111111111011111101111011111110100110101111001001100101010001011011111101101100000110111110110000111100001100001110010101101111001111111110110111010010111111111011110000000100011101110000000000000010100110000120000001111001100001100000100011000010001000000100010000210010000101100010001001100000001101100100000000010010101000001000000000001101000

110001001111101000010111100010101201010110101002001001010011001120011201102000102020001202220002010022210201002022100000010001210122101000011110010000001022000000101200000110200220110000011000001000001010010100101100000121111100010101010000011111011011010000000100022000100000000000000020100110000120000001111001100001100000100010000010001020000200010000210020000100100010011011100000002100100200000000000010101000000000000010001200000

000001000000000000000010000000000200000000000000000000000000000000000000000000000000000000000000000000010000000000100000000000000001001000000000000010001000000200000000000000000000100000000000001000001010010100101100000000011000000100000000000010000000000000000100000000100000000000000000000010000120000001111000000001100000100010000000001000000000010000200000000000000000001000000000000000100000000000000010100000000000000000001001000

110001101111111000110111101110111211010110111111001001010011001110011001100010100000001000000000010000010100000000100000010001010101101010011110011000001011000010101100100110100110100100000000001000001010010100101100000020011000000100010000001110000001000000010101020000101101101000011020001010010120000001111100001001111101110110001100011110100210111010200020111000010000111010110111112100110200001000000111111101110011101010001010000

110001100110111000110111101110111211010110111000001001010011001110011101101010101010001101110001010011110001001011100000010001110111101000011110011001001001000010101000100110000110110100011000001000001010010100101100000101111100010101010000011111011011010000010101011000101101101000011010101110010120000001111101101001111101110110001110011100100110111010210010111100110010111011110111111100110100001000000111101001110011101000001110000

000001000000000000000010000000000200001000000000000000000000000000000000000000000000000000000000000000010000000000100000000000000001001000000100010000001001000000100000000000000110101000000010001010001000010100101100000000011000000100000000000010000000000000000100000000100000000000000000000010000120000001111000000001100010100010000000001000000000010000100000000000000000001000000000000000100000000000000010100000001000000000001001000

220002102222111000220222201220222222020220222221002002020022002210022102201020201010002101110001010011110101001011100000020002110111101000022120011001001011000010101100200110100110120100021000001000001010010100101100000212211200010102010000021110012021020000010102012000102102202000012010202210020120000001111202202001112202120210002220021220200120212020220011222200220020121021120222221100120100001000000212201001110021200020001210000

000001000000000000000010000000000100000000000001000000000000000010000100001000001010000101110001010011110100001011100000000000100111001000000100010001001011000000101100000110100110110000010000001000001010010100101100000111111100010101010000011111011011010000000100011000100000000000000010100110000120000001111001100001100000100010000010001000000100010000210010000100100010001001100000001100100100000000000010101000000000000000001101000

220002102222111000220222201220222222020220222222002002020022002220022202202020202020002202220002020022220201002022200000020002220122101000022120021000001022000010201200200110200220120100021000001000001010010100101100000222211200010102010000021110012021020000010102022000102102202000012020202210020120000001111202202001112202120210002220021220200220212020220021222200220020121021220222222200120200001000000212201001110021200020001210000

110001000000101000010111100010101201010110101001001001010011001000011000100000000000001000000000010000010100000000100000010001010101101000011110010000001011000000101100000010100110100000000000001000001010010100101100000000011000000100000000000010000000000000000100010000100000000000000000000010000120000001111000000001100000100010000000001010000000010000200000000000000000001000000000000000100000000000000010100000000000000010001001000

000001000000000000000010000000000200000000000001000000000000000010000100001000001010000101110001010011110100001011100000000000100111001000000100010001001011000100101100000010100110100000000000011000001010010100101100000000011000000100000000000010000000000000000100000000100000000000000000000010000120000001111000000001100000100010000000001000000000010000200000000000000000001000000000000000100000000000000010100000000000000000001001000

000001000000000000000010000000000200000000000000000000000000000000000000000000000000000000000000000000010000000000100000000000000001001000000100010000001101000100110000001001000111100010000000111000101011110100011100000010011001001100000000000010000100000000000100100000100000000000000000000010000120000101111000000001100000101010010000001010000001010000200000000000000100001000000000000000100001000001100010100000000100010010011001010

000001000000000000000010000000000200000000000000000000000000000000000000000000000000000000000000000000010000000000100000000000000001001000000100010000001001000000100000000000000110100000000000001000001010010100101100000000011000000100000000000010000001000000010101000000101101101000011000001010010120000001111100001001111101110110001100011110100010111010200000111000010000111010010111110000110000000000000111100001110011101010001010000

110001101111111000110111101110111211010110111111001001010011001110011101101010101010001101110001010011110101001011100000010001110111101000011110011001001011000010101100100110100110110100011000001000001010010100101100000111111100010101010000011111011011010000010101021000101101101000011010101110010120000001111101101001111101110110001110011120100110111010210010111100110010111011110111112100110100001000000111101001110011101010001110000

110001101111111000110111101110111211010110111111001001010011001110011101101010101010001101110001010011110101001011100000010001110111101000011110011001001011000010101100100110100110110100011000001000001010010100101100000111111100010101010000011111011011010000010101011000101101101000011010101110010120000001111101101001111101110110001110011110100110111010210010111100110010111011110111111100110100001000000111101001110011101010001110000

000001000000000000000010000000000100000000000000000000000000000000000000000000000000000000000000000000010000000000100000000000000001001000000100010000001001000100100000000000000110100000000000001011001010010100101100000000011000000100000000000010000000000000000100000000100000000000000000000010000120000001111000000001100010100010100000001000000000010000100000000000000000001000000000000000100000000000000010100000001000000000001001000

110001101110111000110111101110111211010110111110001001010011001110011001100010100000001000000000010000010000000000100000010001010101101000011110011000001001000010101000100100000110110100011000001001001010010100101100000222211200010102010000021110012021020000010102022000102102202000012020202210020120000001111202202001112202120210002220021220200220212020220021222200220020121021220222222200120200001000000212201001110021200020001110000

