2
2 1
4
3 4 2 1
8
1 2 7 4 3 5 6 8
16
4 2 15 9 6 3 1 10 12 13 8 16 11 7 14 5
1
1 1 1 1 1 1 1 1 1 1 1 1 1 1 1 1 1 1 1 1 1 1 1 1 1 1 1 1 1 1 1 1 1 1 1 1 1 1 1 1 1 1 1 1 1 1 1 1 1 1 1 1 1 1 1 1 1 1 1 1 1 1 1 1 1 1 1 1 1 1 1 1 1 1 1 1 1 1 1 1 1 1 1 1 1 1 1 1 1 1 1 1 1 1 1 1 1 1 1 1
1
1 1 1 1 1 1 1 1 1 1 1 1 1 1 1 1 1 1 1 1 1 1 1 1 1 1 1 1 1 1 1 1 1 1 1 1 1 1 1 1 1 1 1 1 1 1 1 1 1 1 1 1 1 1 1 1 1 1 1 1 1 1 1 1 1 1 1 1 1 1 1 1 1 1 1 1 1 1 1 1 1 1 1 1 1 1 1 1 1 1 1 1 1 1 1 1 1 1 1 1
1
1 1 1 1 1 1 1 1 1 1 1 1 1 1 1 1 1 1 1 1 1 1 1 1 1 1 1 1 1 1 1 1 1 1 1 1 1 1 1 1 1 1 1 1 1 1 1 1 1 1 1 1 1 1 1 1 1 1 1 1 1 1 1 1 1 1 1 1 1 1 1 1 1 1 1 1 1 1 1 1 1 1 1 1 1 1 1 1 1 1 1 1 1 1 1 1 1 1 1 1
1
1 1 1 1 1 1 1 1 1 1 1 1 1 1 1 1 1 1 1 1 1 1 1 1 1 1 1 1 1 1 1 1 1 1 1 1 1 1 1 1 1 1 1 1 1 1 1 1 1 1 1 1 1 1 1 1 1 1 1 1 1 1 1 1 1 1 1 1 1 1 1 1 1 1 1 1 1 1 1 1 1 1 1 1 1 1 1 1 1 1 1 1 1 1 1 1 1 1 1 1
2
2 2 2 2 2 1 2 2 1 2 2 2 1 1 1 2 2 2 1 1 1 1 2 2 1 2 2 2 2 1 1 2 2 2 1 1 2 1 2 2 2 1 1 2 2 2 2 1 2 1 2 1 2 2 2 2 1 2 1 2 2 1 2 1 2 2 2 2 2 1 2 2 2 2 1 2 2 2 2 2 2 1 2 2 1 2 2 2 1 2 2 2 2 2 1 1 2 2 2 1
4
3 3 3 2 2 3 3 3 3 3 2 3 3 3 3 2 2 3 3 2 3 3 3 3 3 3 2 1 1 1 2 2 3 3 3 2 3 3 2 3 3 3 3 3 3 3 2 2 2 3 3 3 3 3 2 3 2 2 2 3 2 2 2 2 3 3 4 3 3 3 3 2 3 2 1 3 2 2 3 2 4 3 4 3 2 3 3 4 3 3 4 3 3 3 3 4 3 2 3 3
7
6 6 6 3 6 6 6 6 6 5 6 6 6 6 6 6 6 6 6 6 5 6 5 5 6 6 6 6 6 1 6 6 5 6 6 6 2 5 2 6 2 6 3 6 3 3 3 2 6 6 6 6 7 6 3 6 6 5 2 6 6 3 2 2 2 6 6 5 3 6 6 6 3 6 6 6 6 6 6 6 3 3 6 6 2 3 3 6 6 6 6 6 1 2 6 2 6 4 6 3
12
1 1 5 9 1 5 9 7 1 7 9 1 7 9 9 1 1 9 9 1 7 1 9 9 7 7 1 1 9 9 6 7 9 1 1 1 7 9 7 1 4 9 3 1 1 9 1 9 7 7 1 6 4 9 4 9 7 9 1 9 1 7 1 9 8 12 9 1 11 9 9 1 2 1 9 9 10 9 1 12 9 1 6 1 1 10 10 1 5 9 12 9 9 1 1 9 5 1 8 9
2
1 1 1 1 2 2 1 2 1 2 1 1 1 1 2 2 1 2 1 2 2 1 1 1 1 2 1 1 2 1 1 1 2 2 1 1 1 1 1 1 2 2 1 2 1 1 2 2 1 2 1 2 2 1 2 2 2 2 2 1 1 2 2 2 1 2 2 1 1 1 2 1 1 1 2 1 2 2 2 1 1 2 1 2 2 2 1 1 1 1 1 2 2 2 2 1 1 1 1 2
4
3 3 3 3 3 3 3 3 3 3 3 3 3 3 2 3 1 3 3 3 3 3 3 3 2 3 3 4 4 3 4 3 1 3 3 3 3 3 3 3 1 3 3 1 3 4 4 1 3 3 4 3 3 1 4 3 3 4 3 4 1 3 3 4 2 3 3 1 4 1 3 3 2 4 1 3 3 3 2 1 3 3 3 3 3 3 2 2 4 4 4 3 3 3 4 1 2 2 1 2
8
2 2 2 2 5 5 2 5 6 5 2 5 5 5 2 2 2 6 2 6 1 6 2 5 2 5 2 5 3 2 2 5 5 5 1 5 1 5 5 2 1 5 2 5 7 8 2 2 6 7 2 2 2 2 8 6 2 1 5 6 1 5 5 7 5 2 3 5 1 5 5 5 7 6 3 3 5 3 2 5 5 5 3 4 5 2 2 6 5 3 2 2 1 1 5 2 6 5 1 5
15
7 7 7 7 7 6 7 15 7 14 15 12 7 7 7 7 3 1 9 4 7 7 7 7 1 7 7 4 8 6 12 7 7 13 9 7 15 3 7 7 7 12 1 1 7 3 15 7 7 1 7 7 7 4 7 15 7 3 14 8 2 5 7 9 6 9 7 10 10 12 14 7 13 2 2 9 11 12 7 2 9 12 7 7 12 7 8 2 9 3 9 4 11 9 9 7 14 14 12 6
2
1 1 2 2 1 2 2 1 2 2 2 1 1 1 1 2 2 1 1 2 1 2 1 1 1 1 2 2 1 1 1 2 1 2 2 2 1 1 2 1 2 1 2 1 1 2 2 1 1 1 1 1 1 1 1 1 2 1 2 2 1 1 1 1 1 1 1 1 2 2 2 1 1 1 2 1 1 1 2 2 2 2 1 1 2 1 2 2 1 1 2 2 1 1 1 1 1 2 1 1
4
2 2 2 1 3 2 3 2 4 2 4 2 4 2 1 2 2 2 3 2 4 4 1 2 3 2 3 1 3 1 4 3 1 1 3 4 2 2 2 2 2 3 1 2 2 4 4 3 4 2 3 2 2 3 3 4 4 2 3 1 1 3 1 2 2 3 1 1 3 2 4 4 4 4 2 2 1 3 2 2 1 1 3 2 1 2 4 1 4 4 2 2 3 4 3 3 3 4 1 2
8
6 6 6 3 4 6 5 7 1 7 4 4 3 6 2 7 5 6 6 5 5 8 1 6 2 3 5 4 8 7 5 4 4 1 4 6 6 1 5 1 3 2 4 7 2 7 5 8 1 6 6 2 6 3 1 8 6 6 2 2 3 7 6 2 5 8 5 1 2 3 3 5 3 3 7 7 8 1 5 7 5 3 3 3 4 1 4 8 2 3 5 4 5 4 7 2 5 3 3 2
16
1 1 6 1 1 1 6 6 4 1 10 1 10 9 6 7 1 1 1 7 1 9 15 4 1 1 2 11 6 10 7 3 11 8 13 4 1 8 16 8 1 7 3 1 12 1 5 1 10 6 2 15 1 15 9 3 12 15 5 1 6 2 8 7 6 4 1 1 6 9 11 5 10 14 1 8 1 1 11 6 10 15 5 1 1 4 14 6 1 15 9 8 1 14 7 1 8 3 10 6
2
1 1 2 2 1 2 2 1 1 2 2 2 2 2 1 2 1 1 1 1 1 2 1 2 2 2 1 1 1 2 1 1 2 2 2 2 1 1 1 2 1 2 1 1 2 1 1 1 1 2 1 1 1 1 2 1 1 2 1 1 2 2 2 1 2 2 2 1 1 2 2 2 2 1 1 2 2 2 1 1 1 1 2 1 2 2 1 1 2 2 1 2 1 2 2 2 2 1 1 1
4
4 4 1 1 2 1 3 4 4 4 1 1 1 4 4 3 3 1 4 3 4 4 1 1 2 2 3 2 1 2 4 1 3 1 1 4 1 1 3 4 2 3 1 4 4 2 1 3 1 1 1 3 4 4 1 4 4 1 3 1 4 4 4 4 3 3 1 2 1 3 1 4 3 2 4 2 4 2 1 2 1 1 3 4 4 3 2 4 2 2 2 3 1 1 1 1 1 1 1 1
8
7 6 6 7 7 6 7 3 8 7 1 3 5 1 4 1 8 3 5 7 3 8 6 8 6 1 5 1 1 3 3 3 5 6 1 8 8 5 2 1 8 4 5 2 2 2 1 5 7 7 8 2 7 8 4 3 1 1 6 3 5 2 4 3 8 4 4 1 6 2 2 6 5 5 5 7 5 7 5 7 2 8 1 7 3 8 1 1 7 1 3 3 3 4 5 6 8 3 1 4
16
16 16 16 6 12 13 1 15 16 4 10 13 12 1 12 16 12 1 4 1 14 16 8 8 15 15 2 16 6 6 12 8 6 16 15 9 9 7 1 15 13 15 9 3 15 12 16 12 3 2 2 16 9 15 11 8 9 8 13 14 15 16 4 8 16 10 12 1 6 16 9 2 11 13 16 1 5 2 6 12 3 3 5 14 9 13 12 12 8 9 6 14 5 13 2 2 9 3 6 2
2
2 2 2 2 1 2 1 1 2 2 2 1 1 2 1 2 1 1 2 2 1 1 1 1 2 1 2 1 1 1 2 1 2 1 1 2 1 2 1 2 1 2 1 2 1 1 2 1 2 1 2 1 1 2 2 2 1 1 2 1 2 1 1 1 2 2 1 2 2 2 1 2 2 1 2 2 2 1 2 1 1 2 1 1 1 2 1 1 1 2 1 2 1 2 2 2 2 2 1 2
4
3 1 1 3 1 1 4 1 3 1 4 1 2 3 1 1 4 4 2 3 3 1 4 2 4 3 2 4 1 4 3 1 2 4 4 4 2 3 3 2 2 3 1 2 2 2 2 2 4 4 4 2 4 2 3 4 3 1 3 3 1 2 2 1 4 3 4 2 2 4 2 2 2 2 1 2 2 2 1 3 4 1 1 3 2 4 3 3 1 3 2 4 3 3 3 1 4 1 1 4
8
4 6 7 5 7 4 3 8 6 2 4 5 4 7 5 4 6 5 6 5 8 5 5 4 8 2 1 5 6 6 3 3 4 1 4 1 5 7 8 1 3 1 3 8 6 5 2 3 5 8 5 5 6 6 7 3 7 8 8 7 2 7 4 6 5 4 6 8 6 7 7 1 5 3 1 1 2 4 5 3 8 8 1 4 1 2 3 3 5 5 7 2 8 5 6 4 4 8 4 4
16
5 1 8 7 7 10 9 7 6 12 11 1 5 2 6 14 7 10 14 2 8 8 1 2 2 16 10 3 7 10 7 12 9 13 8 6 2 1 3 11 16 1 3 14 8 14 6 4 16 14 5 16 15 2 8 14 3 16 15 16 16 11 14 12 5 11 13 14 16 14 13 6 9 9 15 14 3 16 14 10 9 5 12 16 12 12 13 5 1 15 7 6 2 15 16 1 10 1 15 2
