100035 5
100012 11
100040 5
100136 5
100061 7
100136 5
100062 3
100012 5
100076 2
10008 11
100021 5
10003 5
100249 2
100112 3
100018 5
100043 2
100018 2
10008 3
100003 7
100029 2
100062 21
100185 3
100002 5
100000 3
100093 5
100123 2
100012 2
100062 5
100043 3
100112 5
100082 5
100062 5
100054 15
100067 2
100051 2
100123 3
100133 2
100016 2
100018 5
100044 2
100043 2
100002 5
100051 2
100061 7
1000 2
10008 11
100021 2
100114 2
100002 5
100112 8
10003 8
100290 2
100185 3
100035 3
100043 2
100249 2
100043 3
100112 8
100185 3
100031 15
100043 5
100251 2
100029 5
100112 2
100083 5
100002 5
100133 5
100002 5
100083 5
100040 5
100035 2
100031 15
100023 2
100067 2
100043 5
100021 25
100112 3
100012 2
100062 21
100033 2
100024 27
100133 5
100004 21
100021 25
100051 5
100018 5
100062 11
100079 2
100043 2
100166 5
100021 2
100024 27
100031 5
100051 2
100029 11
100076 2
100029 5
100029 2
100251 2
100003 7
10006 5
100114 2
100054 15
100082 2
100023 2
100067 2
100027 2
100290 2
100018 15
100054 5
100076 2
100136 5
100031 15
100031 5
10006 11
100112 8
100040 5
100062 3
100141 3
10006 11
100012 11
100062 5
100021 2
100018 2
100021 25
100135 2
100135 2
100062 2
100133 2
100044 2
100054 5
100062 2
100251 2
100051 2
100029 2
100012 2
100002 5
100000 5
100004 21
100062 2
100114 2
100251 2
100031 5
10003 3
100062 2
10008 3
100123 3
100112 2
100027 5
100024 27
100021 25
100083 5
10006 5
100018 16
100035 2
100114 5
100251 2
100079 2
100123 2
100123 2
100076 2
100093 2
100033 2
100076 2
10003 3
100141 3
100344 5
100023 2
100062 3
10006 2
100012 11
100123 3
100021 2
100033 2
100054 5
100054 15
100024 5
100083 5
100023 2
100054 15
100055 2
100093 3
100031 15
100044 2
100062 21
100082 2
100043 2
100062 3
100016 2
100004 21
100029 5
1000 2
100093 2
100055 2
100002 5
10003 2
100004 5
10006 2
100112 2
100035 3
100035 3
100051 5
100114 2
100035 2
100166 5
100003 7
100093 5
10006 2
100029 2
100016 2
100051 5
100093 2
100112 5
100141 3
10003 2
100054 2
100135 2
100035 2
100112 3
100076 2
100251 2
100093 3
100082 15
100133 2
100023 2
100123 2
100004 21
100000 5
100018 2
100004 21
100043 5
100039 13
100027 2
100344 5
100018 15
100035 3
100344 2
100018 3
100076 2
100012 5
100024 27
10008 11
100123 3
100029 5
100000 3
100079 2
100114 5
100029 5
100185 2
100018 2
100061 7
100040 5
100185 2
100002 5
100093 2
100018 15
10003 2
100141 3
100003 7
100082 15
100029 2
10006 11
100062 5
100021 2
100035 5
100054 5
10008 11
100123 2
100123 2
100083 5
100018 3
100112 8
100112 8
100082 15
100012 2
100035 5
100079 2
100068 5
100029 5
100062 21
100133 15
100029 2
100062 3
100090 2
100062 21
100035 5
10008 3
100082 15
100185 3
100027 5
100018 15
100133 2
100002 5
100093 5
100043 2
100112 8
100112 5
100029 2
100160 2
100093 3
100160 2
10006 2
100290 2
100061 7
100136 5
100003 7
10008 11
100344 5
100051 2
100114 2
100062 21
100004 5
100112 8
100054 5
100054 5
100043 3
100050 3
100068 5
100061 7
10008 11
100062 5
100185 2
100054 5
100035 3
100018 2
100082 2
100251 2
10003 8
100033 2
100035 2
100093 3
100054 5
100051 5
100290 2
100051 5
100029 11
100018 2
100112 5
100062 11
100093 3
100012 5
100344 5
100136 5
10006 11
100016 2
100039 13
100083 5
100093 5
100055 2
100160 2
100040 15
100112 8
100012 2
100027 5
100050 3
100000 3
100112 3
100114 2
100079 2
100000 5
100166 5
10008 3
100003 7
10003 5
100093 5
100068 5
100135 2
100114 5
100082 2
100249 2
100029 11
100062 5
100040 15
100133 5
100114 2
100344 2
100000 3
100050 3
100021 2
100054 2
100123 3
100012 2
100051 5
100050 3
100068 5
100112 8
100079 2
10003 8
100054 5
100029 11
100051 2
100093 5
100040 15
100029 11
100035 5
10006 5
100000 5
100123 3
100166 5
10008 11
100112 8
100290 2
100112 2
100160 2
100067 2
100000 5
100012 2
100000 5
100039 13
100033 2
100029 2
100003 7
100062 2
10003 8
10006 2
100004 21
100054 2
100251 2
10003 2
100029 2
100185 3
100016 5
100016 5
100136 5
100185 3
100027 5
100012 2
100024 27
100114 5
100185 3
100185 2
100141 3
100004 21
100249 2
100035 5
100002 5
10003 3
100166 5
100012 5
100044 2
100040 15
100062 21
10006 2
100054 2
100083 5
10008 11
100035 3
100112 2
100000 3
100018 5
100062 3
100062 21
100029 11
100043 2
100112 3
1000 2
100062 11
10008 3
100251 2
10008 11
100290 2
100141 3
10006 5
100082 15
100027 2
100062 3
100018 5
100166 5
100290 2
100035 3
100027 2
100016 2
100054 15
100029 11
100082 5
10008 3
100062 3
100031 5
10006 5
100051 5
100123 2
100166 5
100160 2
100043 3
100062 21
100004 5
100043 3
100133 5
100023 2
100021 25
100082 2
100062 21
100093 2
100251 2
100055 2
100018 16
100021 5
100027 2
100039 13
10006 5
100016 5
100040 5
100079 2
100018 3
10003 3
100023 2
100112 2
100040 15
10003 3
100141 3
10003 8
100114 2
100000 5
100012 5
100062 21
100012 5
100018 16
100062 2
100027 5
100016 2
100029 11
100016 2
100136 5
100018 16
100090 2
100166 5
100051 2
100083 5
100112 8
100033 2
100043 3
100344 5
100136 5
100344 2
100082 5
100018 2
100027 2
100029 2
100018 2
100185 2
100093 2
100012 5
100076 2
100054 5
100068 5
100062 2
100136 5
100185 3
100012 5
100050 3
100002 5
100068 5
1000 2
100039 13
100029 5
100141 3
100018 3
100054 15
10008 3
100290 2
100029 11
10003 8
100185 2
100027 5
100123 3
100024 27
100082 2
100093 5
100112 5
100093 5
100344 5
100043 3
10006 2
100004 21
100114 2
100016 5
100068 5
100055 2
100027 5
100123 3
100090 2
100012 5
100166 5
100166 5
100002 5
100185 3
100112 8
100043 2
100093 5
100185 3
100018 3
100344 5
100012 11
100062 3
100029 2
100016 5
100112 5
100133 15
100027 2
100043 5
100123 3
100033 2
100016 5
100040 5
100031 5
100082 2
10008 3
100083 5
10003 3
100079 2
10003 3
10006 2
100062 21
100033 2
100035 2
100061 7
100062 2
100123 3
100093 3
10006 5
100012 2
100160 2
100048 2
100093 2
100133 2
100043 2
100251 2
100012 5
100062 11
100035 3
100093 2
10008 11
100082 2
100035 5
100251 2
10008 3
100029 5
100344 2
100012 2
100185 3
100251 2
100050 3
100344 5
100062 11
100029 5
100035 3
10003 2
100040 15
100016 5
100344 2
100035 3
100029 2
100136 5
100123 3
100024 27
100044 2
100031 5
100018 3
100136 2
100043 3
100024 5
100040 5
100016 5
10008 3
100093 3
100004 21
100112 5
100054 5
100035 2
100043 2
100002 5
100112 5
100062 5
100093 2
100082 15
100050 3
100082 5
100135 2
100018 3
100062 5
100090 2
100016 2
100018 3
100040 15
100035 3
100027 2
100083 5
100023 2
100018 15
100012 2
100062 3
100029 11
100035 2
100123 2
100012 5
100133 5
100012 5
100112 8
100062 21
100051 2
100018 2
100062 2
100018 3
100082 15
100031 15
100021 25
100062 2
100112 3
100029 5
100018 16
100123 2
100344 5
100043 2
100012 2
100004 5
10006 11
100123 2
10003 5
100018 3
1000 2
100000 3
100002 5
100040 15
100018 5
100000 3
100018 15
100000 3
100068 5
100344 2
100185 3
100012 11
10003 2
100166 5
100031 15
100021 5
100018 16
100048 2
100054 15
100093 5
100027 2
100062 2
100133 15
10003 3
100051 5
100054 5
100035 2
100112 2
100039 13
100018 2
100018 15
100344 2
100027 5
100093 2
10003 3
10006 11
10003 3
100123 3
10003 5
100048 2
100000 3
10003 2
100083 5
100135 2
100082 5
10006 2
100051 5
100136 5
100133 5
100082 5
100051 2
100082 5
100012 11
100062 11
100012 5
10003 5
100083 5
100344 5
100082 15
100016 2
100344 5
100024 5
100043 5
100004 21
100021 5
100043 5
100029 2
100029 5
100043 3
100035 5
100024 27
100027 5
100021 25
100024 27
100000 3
100249 2
10006 2
100012 5
100093 5
100062 5
100076 2
100040 15
100024 27
100012 5
100083 5
100136 5
1000 2
100123 2
10003 8
100123 2
100044 2
100135 2
100068 5
100185 3
100050 3
10006 2
100023 2
100141 3
100123 2
100051 2
100040 5
100290 2
100012 5
100024 27
10008 3
100166 5
100133 5
100062 3
10006 5
100112 2
100123 2
100051 2
10006 5
100012 11
10008 11
100033 2
10006 2
100093 3
100021 5
100029 11
100043 5
10006 5
100249 2
100035 2
100040 15
100051 5
100027 5
100344 2
100135 2
100018 3
100114 2
100067 2
100079 2
100062 21
100027 5
100012 5
100062 11
100054 15
100251 2
100082 15
100160 2
100344 5
100290 2
100051 2
100040 5
100054 15
100033 2
10003 3
100043 2
100112 5
100093 3
100166 5
100054 15
100133 15
100029 2
10006 5
100344 2
100061 7
100082 15
100133 15
100076 2
100027 5
10008 3
10008 11
100093 3
100035 2
1000 2
100016 5
100083 5
100136 5
100003 7
100043 5
100029 11
100133 2
100079 2
100123 2
100136 2
100055 2
100000 5
100055 2
100054 15
100166 5
100023 2
100027 2
10003 5
100093 2
100133 5
100079 2
100018 3
100344 5
100062 21
100112 3
100251 2
100082 5
100035 3
100114 5
100051 5
100043 2
100093 2
10003 3
100040 15
100018 3
100136 2
100133 5
10003 2
100062 11
100185 3
100093 2
100051 2
100018 3
100031 15
100021 5
100002 5
100079 2
100133 5
10003 5
100029 2
100185 3
100039 13
100344 2
100043 5
100061 7
100004 21
100112 8
100027 2
100112 3
100135 2
100027 2
100185 3
100061 7
100043 5
100027 2
100050 3
100043 5
100040 5
100054 5
100062 3
100021 2
100018 2
100031 15
100051 2
100035 5
100067 2
100021 25
100055 2
100004 5
100061 7
100043 5
100039 13
100043 5
100029 5
100018 16
100043 3
100054 15
10003 5
100114 5
100004 21
100003 7
100004 21
100004 21
100012 5
100043 2
100023 2
100051 2
100021 2
100012 11
100039 13
100166 5
100024 27
100004 5
100031 5
100054 5
100061 7
805934 76
217774 350
266015 160
440147 172
556486 841
123077 413
929814 343
967498 176
819615 447
591649 789
516069 700
882438 172
599639 451
986200 634
17798 284
966496 87
272413 744
186028 837
168014 585
112557 875
105541 700
539229 343
228794 581
626371 804
428315 254
606742 130
951903 539
888326 488
982049 951
576812 279
571999 590
76340 657
788310 85
930259 332
78951 443
675842 812
228141 946
802824 238
854629 78
237199 551
663497 290
353772 646
659111 79
231792 174
330907 248
488136 584
895232 451
801157 750
729018 552
815425 449
412368 586
121041 641
735052 296
311990 512
788386 524
245507 927
760459 818
80237 497
420833 527
409934 175
906597 501
715681 306
933025 663
706742 672
608295 312
623035 727
581979 238
290222 739
85597 863
256317 778
715377 248
910564 582
766559 261
589478 866
731523 761
927986 418
383205 146
667617 745
406694 252
273287 85
425663 132
761773 853
227365 190
518837 982
60898 717
574808 467
982986 212
431440 968
652267 135
855751 990
744267 360
935922 744
429910 847
656663 928
877478 28
573619 769
72768 144
75430 770
335515 807
880836 571
121659 95
282953 268
512099 184
176663 131
609964 526
908923 130
272528 504
828228 758
259266 961
211830 610
79666 523
700440 149
95520 856
98076 443
581743 780
644996 969
962686 41
321038 588
254465 842
285773 562
359890 947
296261 226
770865 700
450098 497
239253 912
244970 441
199503 325
156053 159
918896 348
535380 510
306062 316
225443 174
171693 521
611983 307
171178 257
1431 392
386267 640
951227 699
635526 490
184510 930
822533 293
867880 231
334327 682
486072 513
667775 548
317376 924
454181 62
63098 545
383139 496
8375 630
791013 188
617858 466
253409 608
437519 969
408836 505
869768 977
885553 20
732867 905
307138 755
149715 290
571268 478
377119 704
525305 198
362280 269
157519 44
218165 270
103896 207
309857 493
797835 882
576116 777
341861 637
248561 587
213430 713
905686 62
904558 597
535133 364
913402 741
590403 780
954606 872
519345 243
568295 1
469449 156
47684 985
648646 696
909654 889
735598 585
261308 629
307549 380
9310 24
238657 581
296333 899
425535 279
930354 562
893047 225
334730 211
13228 200
770224 818
233855 321
951837 431
129812 583
27990 697
532460 794
536402 237
50053 584
294257 493
595768 441
116123 392
98701 55
88485 72
123321 850
819269 236
291565 619
526380 243
424859 581
128230 179
205271 934
849575 23
404345 494
449211 545
366344 549
251099 786
623080 27
204364 564
459829 668
467364 360
805166 609
446519 799
114679 21
128521 252
65053 338
658722 334
923266 354
620856 107
286996 782
294843 229
71536 70
113965 845
646589 153
930368 430
893547 863
738126 643
841402 499
984431 702
456129 45
961296 105
343073 446
223619 53
175301 76
655809 600
130121 209
523414 284
538291 252
753758 426
852820 718
805871 985
995147 586
343745 443
808639 926
253362 376
231862 64
902294 133
779560 502
431804 521
660585 809
234455 331
713298 464
595809 149
903299 162
921228 744
659244 983
282890 38
709889 606
237399 419
705408 24
962997 372
469223 932
207038 674
892254 923
910560 697
977473 545
443565 562
846385 363
500626 932
127214 159
132059 181
497940 52
407773 369
933504 600
75418 115
834454 909
995676 909
990378 162
406533 241
459174 988
625810 226
436301 836
885623 733
598831 41
810408 107
388376 901
271519 659
312317 197
372861 673
459500 74
405301 970
793925 97
312859 626
556262 130
858152 818
180338 873
735108 578
569820 259
638073 69
237800 705
833785 366
558999 851
865809 341
475726 105
629152 457
149151 87
381588 498
949857 643
8566 830
757709 267
673359 437
980067 953
562901 334
81617 208
774567 281
893946 141
533084 862
269979 573
65400 139
374756 250
644168 758
400299 31
558700 793
136028 935
698348 266
983837 44
557054 459
958887 209
677315 939
923923 471
879809 362
290331 362
213798 263
977411 546
178401 154
201323 549
784947 640
506919 110
888036 466
351483 886
104303 124
643737 294
193198 676
409090 615
119891 223
851427 104
266376 640
197151 994
747170 113
188198 11
167367 863
704895 146
1113 413
715630 630
150172 889
81245 800
663407 778
322297 916
329217 605
306238 859
294788 656
720343 24
60328 338
812269 102
467582 901
356378 72
237958 813
110884 626
704035 965
832011 569
450874 110
486342 966
929143 554
704887 297
302141 701
921370 275
27536 416
566202 159
704408 367
569817 702
154469 810
777426 880
342835 19
714439 126
817707 355
836210 786
819169 827
306572 842
822801 338
42190 741
992982 810
716775 85
340475 503
791037 941
104767 570
912009 252
269470 494
18245 581
49851 546
613478 38
579886 306
799766 130
661168 882
195319 574
949781 321
524672 277
673810 606
482705 927
46519 83
939633 812
17387 223
994553 231
425404 17
88785 960
259494 276
310782 172
532991 218
66974 649
330596 493
343408 612
105309 552
760747 141
338725 737
37905 78
640332 994
684404 8
294226 526
644241 324
636288 37
881981 961
705985 648
658834 748
131277 545
430030 44
76762 740
343242 347
501633 449
642387 954
579833 680
372952 140
503141 79
618125 236
932099 659
711611 556
693771 906
297961 676
264998 392
964627 566
785386 128
58548 759
556109 131
314945 248
85783 514
544272 488
667633 899
58461 436
614833 702
805234 287
953260 838
977746 969
920122 183
159883 143
68913 121
467254 29
438545 102
314907 257
878969 505
980495 70
122349 863
482376 756
508281 721
812717 842
427504 309
53910 269
366037 853
615494 987
295628 286
621148 881
448256 594
262538 366
581291 696
837414 523
966520 489
267794 49
724997 990
589022 669
233330 177
448283 921
285048 496
470365 701
411975 466
830049 610
581159 625
82329 788
150359 348
738807 843
993358 498
172291 55
545430 309
943685 697
49883 824
468964 377
619340 26
388975 33
276030 24
552521 37
958846 786
497208 838
823644 864
472363 26
310312 105
978896 155
834928 587
907941 166
311198 212
73662 317
599233 172
938997 144
390501 418
96639 498
991973 70
297386 459
579306 121
788511 562
207896 576
31336 599
104205 383
116826 39
433658 898
811531 205
16802 494
280108 815
222672 424
456157 400
831275 335
482313 600
848854 119
413341 707
555139 365
87935 148
727694 213
451214 568
326080 701
207890 46
286080 552
660078 630
340655 543
640670 870
339767 414
40230 218
17220 217
920146 871
457754 762
896167 883
859696 445
67420 413
478597 527
33205 769
600157 138
771083 90
3024 493
898776 283
420974 843
923476 616
719428 831
294543 141
43248 183
220670 668
529227 414
329903 587
215942 857
387256 731
15487 955
310010 344
714520 808
265044 445
578879 480
831030 503
879428 758
947270 22
675923 527
197332 404
355868 831
966166 141
506623 563
473567 615
698104 111
114777 578
25314 565
765103 187
955948 480
41991 596
12460 398
92441 527
866337 815
639087 670
52325 854
458978 920
915075 439
12576 424
905445 449
722734 542
701670 171
896690 847
660090 901
940874 317
564386 717
218889 39
721491 920
842426 152
963916 28
489278 387
996846 396
767212 230
146316 523
593881 83
44381 941
136862 68
881874 720
757457 799
128037 375
78201 700
581392 208
129709 523
693406 756
118517 320
681247 241
42573 827
390372 617
174896 902
719731 61
593272 769
577902 847
460860 333
870178 549
678430 295
186699 812
319612 172
447271 453
567529 264
132007 379
64790 159
234305 228
899257 393
100027 319
545447 425
161187 56
129901 709
865839 954
210222 567
789703 846
602246 896
568084 198
170407 452
184950 813
520645 981
852903 875
274881 571
808349 962
931682 797
935360 681
949389 231
800867 263
151040 528
49597 102
820865 688
20272 431
852515 368
778392 253
411703 649
43199 134
392524 92
857324 672
807776 275
266803 328
878692 221
401012 914
27573 363
360072 362
439928 320
742961 174
38440 152
611114 398
687125 831
971465 828
583077 598
334494 702
308169 505
16930 286
739057 553
814851 198
944349 221
104100 890
105146 857
415769 894
72355 379
341219 491
599987 916
475223 670
329353 617
249819 454
424453 865
703036 450
734265 887
52829 263
52498 224
626827 257
392491 604
515086 533
475931 107
467961 805
29617 530
396566 105
751409 109
594480 985
511524 426
615989 866
356161 85
196292 155
545731 884
859105 279
880659 59
328116 804
397001 857
600418 901
652879 387
20551 836
777415 956
552295 907
254189 165
946363 413
589021 686
176610 144
769794 654
474251 347
741192 274
347646 249
362447 144
421545 359
294116 668
738933 978
476166 425
18017 175
376390 183
962861 307
926805 392
355803 430
503037 375
901393 687
62554 492
852293 161
465770 838
16096 275
574621 609
629496 649
936712 716
542003 992
704192 581
456219 347
934864 855
932020 892
906986 189
70528 107
715924 561
649280 197
504990 992
736337 522
510971 141
105615 759
422117 106
707830 845
949012 488
186532 854
609048 5
297542 479
487303 263
773289 133
324457 688
531058 401
282651 544
541637 927
365449 524
306725 158
704958 241
996177 980
729234 167
51598 805
759983 144
278548 255
726932 75
331827 558
900286 139
685507 213
62482 435
479799 772
977351 70
830977 183
438168 647
633815 481
340933 160
393294 496
942643 364
911663 441
846848 949
120220 287
452358 135
72389 183
537717 208
18285 18
247198 759
962031 799
19013 16
840107 380
401499 5
790899 916
246392 824
251442 856
939425 291
689736 207
115836 2
818884 257
4182 441
209509 18
518282 899
426246 161
584756 846
213924 651
447200 805
431100 102
443952 400
391320 105
618150 930
579565 135
473036 195
351033 883
837325 316
689092 294
623928 483
658616 481
995773 251
596781 389
82017 167
1477 150
110580 314
71889 681
627461 712
573053 957
673509 567
450493 468
992753 82
307103 174
326625 558
492618 956
588451 256
114766 320
648620 787
950829 296
849572 485
880714 553
300775 610
654814 914
308744 851
122762 583
126583 37
453118 110
104021 898
240569 707
415190 296
731703 659
688473 74
45789 113
33287 539
808623 115
95915 141
956903 476
272737 240
621171 37
345524 626
108919 193
594932 510
928965 682
544535 128
204229 27
187518 289
268557 868
177547 695
473782 351
297127 243
741173 286
627176 569
405926 951
747574 139
64141 173
901408 265
645117 645
666453 734
442085 63
136612 847
287794 546
674344 968
995522 314
413039 85
961561 221
541957 941
458064 509
808747 793
703374 830
201288 748
813042 569
594917 593
238099 696
383701 512
608973 900
190338 396
183706 919
217126 239
892220 583
516624 724
333364 642
7424 264
501505 727
451260 952
287693 514
880768 63
806525 523
831330 944
944049 717
37766 510
870620 406
41632 18
391872 444
717643 640
696636 340
761800 875
9105 977
937466 479
200975 207
592771 39
438010 54
618401 139
896833 965
925555 434
474191 533
238578 183
241374 17
627558 348
653617 616
821704 989
296721 979
5045 430
63741 953
960559 807
431951 433
4922 92
980610 370
760996 383
880387 961
604847 131
7064 164
375020 63
83542 679
3690 33
457586 571
618556 567
58331 33
825472 455
465889 815
538723 532
248403 656
569054 812
286744 250
291455 870
589477 370
27641 727
715286 20
801001 737
19155 657
932613 988
326573 863
711968 715
268068 449
185934 727
